"names"	"baseMean.CTLvsPMA.all"	"log2FoldChange.CTLvsPMA.all"	"lfcSE.CTLvsPMA.all"	"stat.CTLvsPMA.all"	"pvalue.CTLvsPMA.all"	"padj.CTLvsPMA.all"	"baseMean.PMA_vs_MOTScPMA.all"	"log2FoldChange.PMA_vs_MOTScPMA.all"	"lfcSE.PMA_vs_MOTScPMA.all"	"stat.PMA_vs_MOTScPMA.all"	"pvalue.PMA_vs_MOTScPMA.all"	"padj.PMA_vs_MOTScPMA.all"
"ABHD2"	"ABHD2"	953.999706450248	0.0447874331094795	0.0524950704590501	0.85317407363834	0.393562778597704	0.580428460543578	951.858355289105	0.205082151411587	0.0549059318112348	3.7351547391392	0.000187599798888362	0.00548797382690085
"AC007325.1"	"AC007325.1"	85.1309220935748	-0.0721451616158578	0.152374088556173	-0.473473950193712	0.635875081696483	0.78438787773512	59.4485595950867	-0.812001823733109	0.188779989145996	-4.30131301207531	1.69789017460152e-05	0.000846220078378559
"AC012313.1"	"AC012313.1"	302.435356272049	0.0722293519108661	0.0868416556004552	0.831736237770293	0.405557841451323	0.591344442813161	259.830069882551	-0.253350567953894	0.0867940769027572	-2.91898453206368	0.00351173648456164	0.0466344743032084
"AC012314.10"	"AC012314.10"	118.965096628023	-0.0974404738630334	0.385368496055841	-0.252850128799616	0.800384028807893	0.893761718884911	144.14170036758	0.812435280751595	0.175885673612255	4.61911003930105	3.85389445532501e-06	0.000246955109780112
"AC012314.17"	"AC012314.17"	118.965096628023	-0.0974404738630334	0.385368496055841	-0.252850128799616	0.800384028807893	0.893761718884911	144.14170036758	0.812435280751595	0.175885673612255	4.61911003930105	3.85389445532501e-06	0.000246955109780112
"AC012314.29"	"AC012314.29"	118.965096628023	-0.0974404738630334	0.385368496055841	-0.252850128799616	0.800384028807893	0.893761718884911	144.14170036758	0.812435280751595	0.175885673612255	4.61911003930105	3.85389445532501e-06	0.000246955109780112
"AC012314.31"	"AC012314.31"	118.965096628023	-0.0974404738630334	0.385368496055841	-0.252850128799616	0.800384028807893	0.893761718884911	144.14170036758	0.812435280751595	0.175885673612255	4.61911003930105	3.85389445532501e-06	0.000246955109780112
"AC012314.4"	"AC012314.4"	118.965096628023	-0.0974404738630334	0.385368496055841	-0.252850128799616	0.800384028807893	0.893761718884911	144.14170036758	0.812435280751595	0.175885673612255	4.61911003930105	3.85389445532501e-06	0.000246955109780112
"AC012314.40"	"AC012314.40"	118.965096628023	-0.0974404738630334	0.385368496055841	-0.252850128799616	0.800384028807893	0.893761718884911	144.14170036758	0.812435280751595	0.175885673612255	4.61911003930105	3.85389445532501e-06	0.000246955109780112
"AL355482.1"	"AL355482.1"	199.465164170092	0.086471249729816	0.109766181208703	0.787776788603085	0.430827280374913	0.614505535279784	162.280162734627	-0.450979736727366	0.123261755305077	-3.65871584102608	0.000253482206074215	0.0067277562690063
"ALPK1"	"ALPK1"	270.36872084816	-0.0208163698933386	0.0876867174063146	-0.237394790329323	0.812350530950711	0.900047970425393	222.60453925789	-0.288531734185072	0.0898078188264222	-3.21276853124267	0.00131462191251204	0.0236573342978207
"ALS2CL"	"ALS2CL"	97.5289372259169	-0.0793420509715298	0.139336501177872	-0.569427610861597	0.569065983556255	0.733383807411421	75.6284244154928	-0.424472838473996	0.14514226737757	-2.92452947127925	0.0034497741153972	0.0461150268339686
"ANKRD13D"	"ANKRD13D"	1075.67681650295	0.0358006577554758	0.0446735500965761	0.801383764623166	0.422909511176211	0.607941842746501	917.846453091377	-0.24108496634746	0.0527722657986159	-4.56840279072844	4.91454905604395e-06	0.000302132505673849
"ANKRD36"	"ANKRD36"	1413.34299868283	0.00678887755325432	0.0495104022121273	0.137120226254018	0.890935765235427	0.944324852230399	1218.6279807718	-0.178049573166038	0.0575658831303729	-3.09297041031749	0.00198163892590641	0.031600992698424
"B4GALNT3"	"B4GALNT3"	50.4553628333138	-0.149845927194871	0.196922422540687	-0.760938877663417	0.446693575882597	0.628951291267494	56.3800790085895	0.661679364345953	0.185716109943623	3.56285388783351	0.000366844882372764	0.00886798077927453
"CHMP4A"	"CHMP4A"	643.695902689482	0.0488108024554109	0.0615389315633717	0.793169481747444	0.427679085541162	0.611745805951387	645.20630696264	0.213463442631959	0.0675313674989444	3.16095246605654	0.0015725415858231	0.0267486673397522
"COX7A2"	"COX7A2"	749.264817029279	-0.0401262645967335	0.0529088201491131	-0.758404071072564	0.448209121470656	0.630556913337895	722.318337822665	0.190567946190048	0.0534709887582949	3.56395029557941	0.000365315159746507	0.00884866379937989
"DBI"	"DBI"	1604.1100666157	-0.0278889170709299	0.0675961083821833	-0.412581696467615	0.679913113758075	0.816776993155908	1582.6972070922	0.243170842453523	0.0746841654822533	3.25598928344866	0.00112998016404467	0.0212502946688586
"ERVW-1"	"ERVW-1"	246.436351416291	-0.0212686683197072	0.116039857481805	-0.183287611526429	0.854572354312074	0.923439997289374	194.713177370194	-0.423959575480412	0.134614426585132	-3.14943640317997	0.00163585709331139	0.0274783151970795
"FOXO4"	"FOXO4"	50.7514639835662	0.138090953613364	0.176871952181876	0.780739692811022	0.434955610159011	0.618856395449379	60.5508256120169	0.580042956251506	0.161619147168485	3.58894949276538	0.000332013150798844	0.00819055688841361
"GAB2"	"GAB2"	645.068435248997	0.00424192527005222	0.0654960079018227	0.0647661652357619	0.94836018109786	0.972767395971748	544.967693837438	-0.237947036466204	0.063856330383834	-3.72628735531666	0.00019432086163977	0.00557110380761678
"GADD45A"	"GADD45A"	373.203447132177	0.0177399059378544	0.0700616758789797	0.253204133576496	0.800110472443827	0.893761718884911	385.823511130087	0.320057028476415	0.0789280761988208	4.05504661826784	5.01243051441803e-05	0.00197095928441938
"GGNBP2"	"GGNBP2"	855.361102635349	-0.0507749530925489	0.0506659548913688	-1.00215131050848	0.316270519410884	0.501472408598105	715.804580956953	-0.208283974687031	0.0537503970103786	-3.87502207001026	0.000106615036268422	0.00361684791105562
"GMDS-DT"	"GMDS-DT"	159.769508322582	-0.120040609438136	0.119752706730463	-1.0024041436351	0.316148441675291	0.501318259417014	124.170857457836	-0.36583451979331	0.118208026685235	-3.09483653565638	0.0019692139318939	0.0314632584817507
"GNB1L"	"GNB1L"	201.846814918163	-0.00625660742332999	0.104113193308298	-0.0600942803166456	0.952080545378107	0.974303971108758	164.916602675247	-0.331060314986916	0.0982478093822117	-3.36964576684858	0.000752648708843947	0.0154235677035686
"INSYN2B"	"INSYN2B"	74.0536060211324	0.0625156066414106	0.165290904442211	0.378215648661221	0.705270401446782	0.833129579778424	54.1049746166175	-0.813591770631177	0.19579033666487	-4.15542352339782	3.2468553742994e-05	0.00142473425500507
"ITPKB"	"ITPKB"	680.940543104938	0.00432798964551688	0.0510411832553964	0.0847940696018112	0.93242510833347	0.964873950997283	698.234140967021	0.313746844148933	0.0643756754744107	4.87368624619167	1.09534904731202e-06	8.44953650445601e-05
"KLF7"	"KLF7"	394.285851832264	-0.0163468891027032	0.0685897312076125	-0.238328519661686	0.811626303043503	0.899787244157621	318.73925192745	-0.352071042198355	0.0942534281899835	-3.73536590614717	0.000187442440105582	0.00548797382690085
"LPXN"	"LPXN"	98.5768750742252	-0.0511582378474616	0.129085486077344	-0.396312857487396	0.691874243240888	0.824111267109975	102.008171654533	0.38542455017525	0.126328594985278	3.05096839096616	0.00228104587088189	0.034404831960935
"MAP3K11"	"MAP3K11"	1140.09429815154	0.0315478883383625	0.0569853255826889	0.553614250963342	0.579842870912881	0.74184460446682	1119.4734641978	0.175217248388789	0.0563353351115207	3.11025483458884	0.00186925998529325	0.0302482063488188
"MAST3"	"MAST3"	409.807568584621	0.0333839898451546	0.0657918060319107	0.507418656799944	0.611861097821674	0.766851206250059	424.058830872071	0.310811647978739	0.0684484638586615	4.54081261225278	5.60378216641277e-06	0.000332683361850123
"MT-ND3"	"MT-ND3"	2857.86632575696	0.0152502291122265	0.0469553090791015	0.324781785304316	0.745346231085518	0.859344733641371	2834.82712668669	0.217283803764102	0.0585973122517614	3.70808481506027	0.000208832715627067	0.00588179771851026
"MYDGF"	"MYDGF"	637.209743368925	-0.0222994213146393	0.055896861425038	-0.398938701496586	0.689938371674649	0.823264134759046	615.384428944798	0.178589424165759	0.0585061933174173	3.05248750669603	0.00226953178209148	0.0343578742661374
"NDUFS6"	"NDUFS6"	435.716514777846	-0.0559194709905918	0.0942635717960165	-0.59322461397495	0.553030842108676	0.720848823216499	434.31187749051	0.295838534338445	0.0933341281873016	3.16967158834719	0.0015261132035626	0.0262711296211874
"NFATC3"	"NFATC3"	1002.95923057805	0.0384015864449311	0.0471924078506301	0.813723821138285	0.415803184457987	0.601778041296903	995.745809266823	0.198413534380362	0.0540923507625602	3.66805161142475	0.000244405855711036	0.0065486710586645
"NUDC"	"NUDC"	1528.49320927096	0.0319879426798724	0.0527540138206559	0.606360357500371	0.544275486704956	0.713912438398624	1513.55994027543	0.195362628158115	0.0539716922977351	3.61972396715664	0.000294917452718383	0.00754404547574088
"PCNP"	"PCNP"	835.159284198565	-0.0018505765746436	0.0630798075335258	-0.0293370675498662	0.976595763986284	0.98766736960869	816.051604042528	0.190655914817035	0.061944902331951	3.07783058233503	0.00208513421203537	0.0326689009598453
"POU2F2"	"POU2F2"	421.306258415033	0.024853576738004	0.0691107741643777	0.359619423143642	0.719131756499968	0.841657305268557	454.677915967664	0.427929641878443	0.0740799100423754	5.77659505301313	7.6227446963913e-09	1.15398826272494e-06
"PPAN-P2RY11"	"PPAN-P2RY11"	93.382508562051	0.0498450156109819	0.327392676110604	0.152248413749312	0.878991010352781	0.937073093290931	114.516254574377	0.730756265634532	0.188841193423001	3.86968675842695	0.000108975276619177	0.00366610993093013
"PRPS2"	"PRPS2"	815.322228602299	-0.000214361857627185	0.0518416598869823	-0.00413493429983735	0.996700809163647	0.998235261144382	792.769460150348	0.177794691413894	0.0503943589835062	3.52806732737855	0.000418605669939428	0.00982506447410157
"PTCSC3"	"PTCSC3"	133.057870951865	0.0763157899646728	0.132502733736632	0.575956343031846	0.564644690617443	0.729620649431791	107.831526419804	-0.448450077285935	0.148082609884687	-3.02837772534633	0.0024587055434593	0.0362696502275708
"RAB13"	"RAB13"	599.866692454558	0.0458423879415253	0.0671070088509644	0.683123696413517	0.494528682992427	0.671420002168662	611.900421038002	0.263769473137279	0.0809309480523371	3.25919168729746	0.00111730148358474	0.0211452620249136
"RASAL2"	"RASAL2"	2005.22579050901	0.0280431025988062	0.0432210563653684	0.648829643628891	0.516448494580688	0.69016229641229	1726.57121617474	-0.201634656696195	0.0524511961590294	-3.84423371556387	0.000120929715005104	0.00400158409406234
"RPL13A"	"RPL13A"	19671.1860946185	-0.00620004727165275	0.0483206531298671	-0.12831050223989	0.897903254221302	0.947220532922582	19046.3319892928	0.171488351596037	0.0555664118371638	3.08618724740729	0.00202741104436014	0.0320966995532624
"RPL27A"	"RPL27A"	4565.21753495856	0.00945969409983902	0.045758789273013	0.206729554040409	0.836221075157451	0.913447645038474	4463.03849303952	0.183488401709176	0.0452940382361849	4.05104973754777	5.09883666423895e-05	0.00199844695277016
"RPL30"	"RPL30"	3600.09672051275	-0.00629513483762157	0.0326525520161775	-0.192791510890257	0.847122252097448	0.919627198043238	3513.67321880675	0.1932459866273	0.0334502679621766	5.77711326097028	7.59931336171429e-09	1.15398826272494e-06
"RPL38"	"RPL38"	3637.55749398792	0.0246787286850744	0.0520861921835876	0.473805583600535	0.635638552538019	0.784319792525344	3576.01542791603	0.18402444002612	0.0571414333622024	3.22050794315299	0.00127963646522718	0.0232001156143209
"RPL41"	"RPL41"	3121.44353559163	-0.0307335346340957	0.0549315779621752	-0.559487562058717	0.575829017442594	0.738395357968131	3036.41557609205	0.207384054439942	0.0560738826485531	3.6984072556512	0.000216956594084609	0.00606827092600161
"RPLP1"	"RPLP1"	10202.0001507737	0.0339484005212033	0.0423592875583536	0.801439364966571	0.422877333665713	0.607938921302854	10026.9377003159	0.174491313168271	0.0480307488109252	3.63290844902632	0.000280244470938393	0.00723676074101253
"RPS12"	"RPS12"	4734.98428534184	0.0345862844399995	0.0411558023860473	0.840374441386787	0.400698474888753	0.5868898353607	4695.8559285054	0.198202517468294	0.0498870275139016	3.97302720457864	7.09649405337993e-05	0.00256554147702938
"RPS25"	"RPS25"	5017.39364088519	0.0111629126455956	0.0397241867621555	0.281010476373812	0.778702364491911	0.88012613264072	4884.57230645819	0.170140393523327	0.04517230519235	3.7664757819829	0.000165568136162642	0.00497567170487782
"RPS27A"	"RPS27A"	8207.26561196539	0.0179188162183396	0.0473162629229961	0.378703116252042	0.704908339002615	0.832817851469771	8001.09005140623	0.167472548729698	0.0546886132253206	3.06229284037063	0.00219648453002776	0.0338508817510236
"SIPA1L3"	"SIPA1L3"	586.658740297782	-0.0372666899108335	0.0623217174243165	-0.597972768579271	0.549858103342777	0.718644957687892	492.705074191033	-0.21007580426276	0.0668142018153006	-3.14417891039825	0.00166553578155225	0.0278994520752134
"SLC35A5"	"SLC35A5"	154.944518852657	0.0551438567795993	0.11190969194882	0.492753181778198	0.622186995291708	0.773972682830488	128.128685683478	-0.363708885038346	0.114470187014622	-3.17732410965561	0.00148640821097877	0.0259019997743365
"SNRPF"	"SNRPF"	606.059381774884	-0.017490248132893	0.148144161635729	-0.118062351831993	0.906018253654601	0.950956080017296	609.249151917505	0.280340786779954	0.0955992943801199	2.93245665250696	0.00336291864548613	0.0452536752394251
"SRC"	"SRC"	96.2831554336189	-0.0322017755955868	0.141786247131757	-0.22711494412898	0.820334363926513	0.904835180944297	100.513571743012	0.395023733120871	0.126905191248719	3.11274684064477	0.00185354938798378	0.0300916040722138
"STBD1"	"STBD1"	39.2337570104518	0.0319999667639279	0.205374518199877	0.15581274173841	0.876180626841647	0.935610224585169	49.1488985305621	0.78282196586857	0.224291329625951	3.49020163719246	0.000482656227322717	0.0108651478979655
"TERC"	"TERC"	550.644857372535	-0.0348820061323211	0.0657457234197018	-0.530559317290409	0.595724193781694	0.754051291072356	537.624373395765	0.220704829296977	0.0687141947596871	3.21192484418749	0.0013184886260871	0.0236917147634138
"TMEM120B"	"TMEM120B"	296.580372865086	0.0551217363772304	0.0791758002554084	0.696194243688305	0.486307192098378	0.664211383411663	249.109814471782	-0.309590453914665	0.0890466343466204	-3.47672268790712	0.000507582516844913	0.0113365480715998
"TP53"	"TP53"	88.5604723707511	0.0946924342135172	0.143729700375841	0.658823012682169	0.510009427864694	0.685005669780039	69.9975212050996	-0.563912638710537	0.153355411561163	-3.67716165324645	0.000235843591430435	0.00641865558609886
"XACT"	"XACT"	89.239681694801	-0.00279525396180979	0.140729982763163	-0.0198625332493217	0.984153033380262	0.991775645821494	68.4428722786331	-0.538849503410018	0.181991437228613	-2.96085085988484	0.00306790459965201	0.0426583152771361
"ZBTB46"	"ZBTB46"	183.368798774182	0.0188102223359797	0.102397923488409	0.183697302593338	0.854250925119037	0.923241072179829	186.969087332023	0.290194077701902	0.0970528518961096	2.99006234265574	0.00278920513735884	0.0398820111198972
"ZNF552"	"ZNF552"	125.638809235615	0.0545093406242109	0.111699951244023	0.487997890931288	0.625551334961695	0.776624832071688	103.665044499403	-0.373336922703857	0.128147452818382	-2.91333861495454	0.00357586617076115	0.0470520775885118
"ZNF93"	"ZNF93"	491.936807589453	0.0353727639441701	0.0776433676234048	0.455579980968102	0.648692041458072	0.793715071658428	414.14816163958	-0.282306370091182	0.0839066276026162	-3.36453005152575	0.000766741338510901	0.015659366527328
