n	es	nes	pval.es	pval.nes	fdr
GO_ACTIN_FILAMENT_BASED_PROCESS	449	0.386179801950291	1.53185082915065	7.33825999965632e-09	7.28122906412665e-09	1.82524369251582e-07
GO_ACTIVATING_TRANSCRIPTION_FACTOR_BINDING	56	0.579142354672522	1.77585943484664	0.00231226059294254	0.00231226122606176	0.0254262777200398
GO_ACTIVATION_OF_MAPK_ACTIVITY	136	0.458329032668462	1.60303926116711	0.00395961599450845	0.00395739551952956	0.0390850615918813
GO_ACTIVATION_OF_PROTEIN_KINASE_ACTIVITY	278	0.429479656281737	1.64737510680761	1.23458547829358e-08	1.228428325728e-08	3.0030504028954e-07
GO_ADENYLATE_CYCLASE_ACTIVATING_G_PROTEIN_COUPLED_RECEPTOR_SIGNALING_PATHWAY	72	0.560335916071393	1.68391056663936	0.00390487328679223	0.00390301259601722	0.0386770896449546
GO_ADHERENS_JUNCTION_ORGANIZATION	70	0.516726329701936	1.62390529936114	0.00483477474600713	0.00483438255699453	0.0452534924164235
GO_ADIPOSE_TISSUE_DEVELOPMENT	31	0.667667180304885	1.76325210609797	0.00363879968755842	0.00363836223305647	0.0373673975429877
GO_AGING	263	0.420112794232929	1.59452759765068	0.0023120916987428	0.00231173781273397	0.0254262777200398
GO_ALCOHOL_BIOSYNTHETIC_PROCESS	110	0.513036886623992	1.75655668295544	3.94174609619213e-08	3.92660277626078e-08	9.21816746998364e-07
GO_ALCOHOL_METABOLIC_PROCESS	347	0.35925739639771	1.38331288633711	0.0050130457165708	0.00501402928532368	0.0464937261002742
GO_ANATOMICAL_STRUCTURE_FORMATION_INVOLVED_IN_MORPHOGENESIS	956	0.40483985038972	1.70034876904515	2.22044604925031e-16	0	0
GO_ANCHORED_COMPONENT_OF_MEMBRANE	151	0.494317437214532	1.71042064612943	0.000488632959614765	0.000488505570950815	0.00715346276669559
GO_ANCHORED_COMPONENT_OF_PLASMA_MEMBRANE	42	0.628949934939606	1.71933923319901	0.00412925377349138	0.00412929497301706	0.040311731122721
GO_ANCHORING_JUNCTION	488	0.337727115493661	1.36081999583244	0.00126674358707102	0.0012662168481522	0.0164274975299746
GO_ANGIOGENESIS	292	0.47006689313496	1.80216549759196	0	2.22044604925031e-16	7.81914215914575e-15
GO_ANTERIOR_POSTERIOR_PATTERN_SPECIFICATION	193	0.465343504446078	1.68067356924884	0.00070730598660329	0.000707258958940749	0.01003391846785
GO_APOPTOTIC_MITOCHONDRIAL_CHANGES	56	0.59998157002642	1.84332251966322	0.00176502212064855	0.00176520830152094	0.0207613763654033
GO_APOPTOTIC_SIGNALING_PATHWAY	288	0.45612411214477	1.74983680291641	3.20806041131938e-06	3.19970042439444e-06	6.35501165674211e-05
GO_BEHAVIOR	515	0.377135294719928	1.50821964372019	5.96888094506198e-11	5.89963633501611e-11	1.60839855105785e-09
GO_BIOLOGICAL_ADHESION	1031	0.393014801293351	1.65047811848297	2.22044604925031e-16	0	0
GO_BLOOD_VESSEL_ENDOTHELIAL_CELL_MIGRATION	23	0.689959635123809	1.74135829716577	0.00293194019575138	0.00293132194456436	0.0310783165305425
GO_BLOOD_VESSEL_MORPHOGENESIS	363	0.497393061404942	1.94891695038091	0	2.22044604925031e-16	7.81914215914575e-15
GO_BONE_MORPHOGENESIS	78	0.528577615553221	1.69944169052831	0.000341912873941141	0.000341719634140425	0.00526461811347592
GO_BRANCHING_MORPHOGENESIS_OF_AN_EPITHELIAL_TUBE	130	0.460094258274942	1.60394458927795	0.00186321711093129	0.00186276040214872	0.0216080206649252
GO_CALCIUM_ION_IMPORT	64	0.576313387435808	1.74334238668481	0.00193809739080508	0.00193687576659596	0.022163553259539
GO_CALCIUM_ION_IMPORT_INTO_CYTOSOL	41	0.611639503642128	1.75411042094711	0.00318321635412577	0.00318069050001468	0.0333043628284723
GO_CALMODULIN_BINDING	178	0.44499111598139	1.59298440456961	0.00129718345156438	0.00129749960806758	0.0167233282817599
GO_CAMERA_TYPE_EYE_MORPHOGENESIS	100	0.515043313521094	1.73104761202948	0.00181297544791925	0.00181273755558153	0.0211939829620956
GO_CAMP_BIOSYNTHETIC_PROCESS	16	0.770959331686315	1.82290749605126	0.00145256506857494	0.00145197636344996	0.0182375629854988
GO_CAMP_METABOLIC_PROCESS	33	0.694181177031197	1.89514421112766	0.00242710367482923	0.00242793337446878	0.0265885253978215
GO_CARDIAC_SEPTUM_DEVELOPMENT	84	0.513719517222129	1.66737869992652	0.000796286519107126	0.000795985359630436	0.0110667153240122
GO_CARDIAC_SEPTUM_MORPHOGENESIS	48	0.569141915792353	1.64184941344024	0.00360226940320518	0.00360161219948474	0.0373154777095477
GO_CCR_CHEMOKINE_RECEPTOR_BINDING	34	0.802793229991345	2.03901837436521	4.19715229016404e-07	4.18714389827102e-07	8.87854598644134e-06
GO_CELL_ACTIVATION	567	0.371509907231243	1.51053162672976	0.000822823545132745	0.00082146500142033	0.0112756077689157
GO_CELL_CELL_ADHESION	607	0.348311866096474	1.42263380311645	3.43485229283846e-05	3.5237400672794e-05	0.000618588909140206
GO_CELL_CELL_SIGNALING	766	0.391121466521978	1.60234682640263	2.22044604925031e-16	0	0
GO_CELL_CHEMOTAXIS	161	0.547785651508906	1.91298629837391	0	0	0
GO_CELL_DEATH	1000	0.380382976055655	1.61510819355781	2.22044604925031e-16	0	0
GO_CELL_DEVELOPMENT	1425	0.379499639303895	1.62622708618856	0	0	0
GO_CELL_DIFFERENTIATION_INVOLVED_IN_KIDNEY_DEVELOPMENT	35	0.725527097128992	1.95670674389364	9.85350624412851e-05	9.84733304262297e-05	0.00163184376134895
GO_CELL_FATE_COMMITMENT	226	0.425309062971531	1.54403154369007	0.000463356234634782	0.000463098695749786	0.00681515394043715
GO_CELL_JUNCTION	1150	0.318129345803825	1.3513934991771	0.00135071551362809	0.00135623394998718	0.0172547958024176
GO_CELL_MIGRATION_INVOLVED_IN_SPROUTING_ANGIOGENESIS	14	0.769681750553532	1.83822578448801	0.00160897910588753	0.00160854875636285	0.0196615174434765
GO_CELL_MORPHOGENESIS_INVOLVED_IN_DIFFERENTIATION	512	0.407708017507279	1.65064577688253	2.26554885962571e-10	2.22816098904843e-10	5.93774793297772e-09
GO_CELL_MORPHOGENESIS_INVOLVED_IN_NEURON_DIFFERENTIATION	367	0.421933638843223	1.64168272316489	2.37585955467079e-05	2.37145471212452e-05	0.000429037494707299
GO_CELL_MOTILITY	834	0.419871639628388	1.75670793956688	2.22044604925031e-16	0	0
GO_CELL_PART_MORPHOGENESIS	632	0.330319315084027	1.34355067123534	0.0036859602917092	0.00368505286091392	0.0376346594902397
GO_CELL_PROJECTION_ORGANIZATION	901	0.370663051616564	1.55451380334494	0	0	0
GO_CELL_PROLIFERATION	671	0.406053163296353	1.67337779619219	0	2.22044604925031e-16	7.81914215914575e-15
GO_CELL_SUBSTRATE_JUNCTION	397	0.364097290906848	1.43831449549699	0.00372467469210025	0.00372150713108854	0.0377640414880271
GO_CELL_SURFACE	756	0.346203575856186	1.42448349753567	0.00112723898142453	0.00112900690935658	0.0150094491589967
GO_CELLULAR_COMPONENT_MORPHOGENESIS	899	0.340674335170936	1.43132883447598	0.000215836914398193	0.000215642542854555	0.00343865575074811
GO_CELLULAR_HORMONE_METABOLIC_PROCESS	103	0.520898025732996	1.7543710882864	0.000294878051058656	0.000294714853628975	0.00462475616463929
GO_CELLULAR_RESPONSE_TO_ABIOTIC_STIMULUS	262	0.403557170558228	1.52820048382495	0.00170441225063878	0.00169969426616612	0.0204377871517048
GO_CELLULAR_RESPONSE_TO_ACID_CHEMICAL	174	0.44898077715685	1.6256408466088	0.000450756977914746	0.000450580009545454	0.00667834388981802
GO_CELLULAR_RESPONSE_TO_ARSENIC_CONTAINING_SUBSTANCE	13	0.806045895103655	1.82343030750664	0.000730130308699395	0.000729767856924135	0.0103038344667379
GO_CELLULAR_RESPONSE_TO_CORTICOSTEROID_STIMULUS	57	0.68257881424991	2.05492257363244	5.09075669286041e-07	5.07855258513601e-07	1.06541549977534e-05
GO_CELLULAR_RESPONSE_TO_CYTOKINE_STIMULUS	605	0.367897861595468	1.50475201203996	2.10803152711492e-10	2.08330019901837e-10	5.60218362608757e-09
GO_CELLULAR_RESPONSE_TO_ENDOGENOUS_STIMULUS	1007	0.393847037618672	1.6632434329683	0	0	0
GO_CELLULAR_RESPONSE_TO_EXTERNAL_STIMULUS	263	0.524247276479824	1.98366671262814	0	0	0
GO_CELLULAR_RESPONSE_TO_EXTRACELLULAR_STIMULUS	187	0.550597241384802	2.01042561347846	0	0	0
GO_CELLULAR_RESPONSE_TO_HEAT	35	0.71172989362636	1.96638222643337	4.27118854980924e-05	4.26625963219074e-05	0.000737988069708784
GO_CELLULAR_RESPONSE_TO_HORMONE_STIMULUS	551	0.433308033221592	1.75815559268053	0	0	0
GO_CELLULAR_RESPONSE_TO_HYDROGEN_PEROXIDE	60	0.532974883596793	1.6645901658033	0.00535814181000593	0.00535741994948458	0.0488358958723432
GO_CELLULAR_RESPONSE_TO_INTERFERON_GAMMA	121	0.495621124731522	1.66373108092279	0.00383161183903613	0.00383170365166585	0.0382757783843168
GO_CELLULAR_RESPONSE_TO_INTERLEUKIN_1	87	0.663792598623507	2.12445664380425	3.574918139293e-14	3.530509218308e-14	1.16036069641723e-12
GO_CELLULAR_RESPONSE_TO_LIPID	456	0.424365332615361	1.69618129166858	0	0	0
GO_CELLULAR_RESPONSE_TO_MECHANICAL_STIMULUS	79	0.514692887775674	1.67208866227959	0.00473490442337121	0.00473269575018831	0.044583802640309
GO_CELLULAR_RESPONSE_TO_NITROGEN_COMPOUND	504	0.361194726175948	1.46189398732057	0.00140137847498345	0.00140555936497111	0.0178057584650302
GO_CELLULAR_RESPONSE_TO_ORGANIC_CYCLIC_COMPOUND	464	0.453839692786401	1.8151010661975	0	0	0
GO_CELLULAR_RESPONSE_TO_ORGANIC_SUBSTANCE	1847	0.369473501630122	1.6083390885588	0	0	0
GO_CELLULAR_RESPONSE_TO_OXIDATIVE_STRESS	183	0.450967842100557	1.63210288700851	0.000649973177632379	0.00064934354817836	0.00923441449765188
GO_CELLULAR_RESPONSE_TO_OXYGEN_CONTAINING_COMPOUND	798	0.381273664297793	1.59969715376421	2.22044604925031e-16	0	0
GO_CELLULAR_RESPONSE_TO_OXYGEN_LEVELS	142	0.512643463671642	1.81939641415907	6.08581629535365e-10	6.04484240440684e-10	1.57538712178286e-08
GO_CELLULAR_RESPONSE_TO_PEPTIDE	273	0.400059147445272	1.52919924301285	0.000358658785005184	0.000358382857997053	0.00544400216318095
GO_CELLULAR_RESPONSE_TO_STARVATION	116	0.554111121060386	1.92077232785149	9.74913483275941e-11	9.68439772819352e-11	2.62811453944921e-09
GO_CELLULAR_RESPONSE_TO_STEROID_HORMONE_STIMULUS	217	0.479014417987314	1.78254668041812	4.99778027407416e-07	4.97907994168045e-07	1.04826465960788e-05
GO_CELLULAR_RESPONSE_TO_STRESS	1564	0.309974860239402	1.33840718751162	1.98173488341613e-06	1.96678083930202e-06	3.95764470928937e-05
GO_CENTRAL_NERVOUS_SYSTEM_DEVELOPMENT	871	0.392176935827509	1.64152839395364	0	0	0
GO_CENTRAL_NERVOUS_SYSTEM_NEURON_DEVELOPMENT	69	0.597720034435683	1.86897148012206	0.000321143718884476	0.000321009962020113	0.0049714527102382
GO_CENTRAL_NERVOUS_SYSTEM_NEURON_DIFFERENTIATION	165	0.483042082882871	1.68958252386528	0.000818950629740245	0.00081883000288685	0.0112655774350665
GO_CHEMOKINE_ACTIVITY	47	0.785352918394585	2.09991379408689	9.65037626310394e-06	9.6377547593729e-06	0.000183925668246613
GO_CHEMOKINE_MEDIATED_SIGNALING_PATHWAY	71	0.626851977234578	1.85124117263198	0.00204858994475432	0.00204832709012215	0.0231430767221775
GO_CHEMOKINE_RECEPTOR_BINDING	56	0.732811172893028	2.05062432400741	5.84805960357482e-06	5.84039744211395e-06	0.000113284561532938
GO_CHRONIC_INFLAMMATORY_RESPONSE	14	0.817420042136238	1.77670355232101	0.00518999454105651	0.00518914972761131	0.0475953640132535
GO_CIRCADIAN_REGULATION_OF_GENE_EXPRESSION	56	0.601291969309894	1.77343788471937	3.8518634860929e-05	3.84749163483411e-05	0.000667500308260369
GO_CIRCADIAN_RHYTHM	136	0.535552763220935	1.86233465026079	4.37190538771226e-07	4.36145046300851e-07	9.21512176398512e-06
GO_CIRCULATORY_SYSTEM_DEVELOPMENT	787	0.449153912623429	1.86797762837484	0	0	0
GO_COGNITION	250	0.44671466458252	1.66831732876653	3.34436424409557e-06	3.3379831634317e-06	6.58250279828732e-05
GO_COLLAGEN_BINDING	64	0.565351015563215	1.76828355505242	0.00247701531624422	0.00247437022466812	0.0269087761932658
GO_CORE_PROMOTER_BINDING	151	0.507098959126163	1.79879796871248	0.000108165856430364	0.000108076812464719	0.00177114244471268
GO_CORE_PROMOTER_PROXIMAL_REGION_DNA_BINDING	370	0.37611879413049	1.46846518690193	0.00020899232452698	0.000208805689299818	0.00333863366999385
GO_CORE_PROMOTER_SEQUENCE_SPECIFIC_DNA_BINDING	100	0.594558068613503	1.99726170292487	0.000497869507315896	0.000497732639332504	0.00727058344269406
GO_CRANIAL_NERVE_DEVELOPMENT	42	0.618915379490543	1.77403926003126	0.00416975776914785	0.00417004960073897	0.0406425262569551
GO_CYTOKINE_ACTIVITY	218	0.596531655787047	2.11001545300602	0	0	0
GO_CYTOKINE_MEDIATED_SIGNALING_PATHWAY	451	0.411040931446905	1.63098896253173	2.22044604925031e-16	2.22044604925031e-16	7.81914215914575e-15
GO_CYTOKINE_RECEPTOR_BINDING	270	0.536350123006261	1.99243278483084	0	0	0
GO_CYTOPLASMIC_SIDE_OF_MEMBRANE	169	0.449358576678948	1.60159845333065	0.00522300531961939	0.00522140370242619	0.0478170654853766
GO_CYTOSKELETON_ORGANIZATION	837	0.335214122295204	1.39376479087657	0.000299668427580002	0.000299306402690047	0.00467202289792696
GO_DEFENSE_RESPONSE	1230	0.34150313580482	1.44546584617108	5.97122351564394e-12	5.83411097210274e-12	1.70864358965147e-10
GO_DEVELOPMENTAL_GROWTH	332	0.45447536005503	1.75720454584398	0	0	0
GO_DEVELOPMENTAL_GROWTH_INVOLVED_IN_MORPHOGENESIS	103	0.531966880182447	1.77215852936521	4.58612478245746e-05	4.58042754801768e-05	0.000783173681331579
GO_DEVELOPMENTAL_PROCESS_INVOLVED_IN_REPRODUCTION	601	0.399883101134884	1.62058016650935	0	0	0
GO_DOUBLE_STRANDED_DNA_BINDING	763	0.374843148420094	1.55382499964037	0	0	0
GO_EAR_DEVELOPMENT	194	0.475545791546729	1.74498602917593	0.000182009293419716	0.00018189267634483	0.00291619803050411
GO_EATING_BEHAVIOR	29	-0.66787606276035	-1.73871913337389	0.00283112250819573	0.0028300846805881	0.0302216263002873
GO_EMBRYO_DEVELOPMENT	893	0.39434976483425	1.65641592506038	0	0	0
GO_EMBRYO_DEVELOPMENT_ENDING_IN_BIRTH_OR_EGG_HATCHING	553	0.389801554113401	1.58741690185742	0	0	0
GO_EMBRYO_IMPLANTATION	38	0.733964945199148	2.062567847013	2.09632311509722e-12	2.08377759491896e-12	6.28960625078599e-11
GO_EMBRYONIC_MORPHOGENESIS	538	0.402062833528915	1.62823634130463	2.08819457917508e-05	2.08306474374087e-05	0.000382714628073633
GO_EMBRYONIC_ORGAN_DEVELOPMENT	405	0.450683122398269	1.77857420136167	0	0	0
GO_EMBRYONIC_PLACENTA_DEVELOPMENT	82	0.646718784156213	2.08157616698056	0	0	0
GO_ENDODERM_DEVELOPMENT	70	0.642056861015775	1.96444017019824	3.44149486686263e-09	3.42731154567844e-09	8.70213523786851e-08
GO_ENDODERM_FORMATION	49	0.624885668846888	1.82322988665559	0.00249047695875781	0.00249085083921863	0.027038300118931
GO_ENDOPLASMIC_RETICULUM_GOLGI_INTERMEDIATE_COMPARTMENT	104	0.544781965796789	1.83266584815943	2.73394146099726e-07	2.72470396578406e-07	5.97012913391796e-06
GO_ENDOPLASMIC_RETICULUM_GOLGI_INTERMEDIATE_COMPARTMENT_MEMBRANE	62	0.589447726408399	1.79942091974465	0.0018170102460886	0.0018170755199145	0.021202798374387
GO_ENDOTHELIAL_CELL_DIFFERENTIATION	71	0.593075501845385	1.87370730953766	0.000320210873460458	0.000320099888329817	0.00497036991957794
GO_ENDOTHELIAL_CELL_MIGRATION	56	0.575380940090018	1.75025951838485	0.00254399992657817	0.0025433199432483	0.0274067045250582
GO_ENZYME_BINDING	1736	0.311752280432937	1.35650235800092	5.55866463969323e-11	5.41287015209946e-11	1.48252499165835e-09
GO_ENZYME_LINKED_RECEPTOR_PROTEIN_SIGNALING_PATHWAY	688	0.377124060481133	1.56276984021029	3.0002865495371e-05	2.92507311566714e-05	0.000522801587682381
GO_ENZYME_REGULATOR_ACTIVITY	958	0.328816158629048	1.38326528350837	3.76552327424617e-05	3.75510198690199e-05	0.000654419892800084
GO_EPITHELIAL_CELL_DIFFERENTIATION	494	0.36870482577123	1.48282259615735	0.000585319176045429	0.000585209677834375	0.00838280981614567
GO_EPITHELIAL_CELL_PROLIFERATION	88	0.583323926613825	1.88757716091499	0.00151688767662361	0.00151517661529554	0.0186357273515352
GO_EPITHELIUM_DEVELOPMENT	944	0.40326512173198	1.68471014889596	0	0	0
GO_ESTABLISHMENT_OF_PROTEIN_LOCALIZATION_TO_ENDOPLASMIC_RETICULUM	103	0.516642059689073	1.75869605798236	7.64798224750507e-09	7.61374641111701e-09	1.90054530667376e-07
GO_ESTROGEN_METABOLIC_PROCESS	22	0.820004812768122	2.04308571271525	1.4036183741295e-05	1.40224269575828e-05	0.000262521132535
GO_EXTRACELLULAR_SPACE	1375	0.393808874368673	1.67362634472224	2.22044604925031e-16	0	0
GO_EXTRACELLULAR_STRUCTURE_ORGANIZATION	303	0.38634559750977	1.48623519522666	0.00432102530499201	0.00431902405847295	0.041682457308199
GO_EXTRINSIC_APOPTOTIC_SIGNALING_PATHWAY	98	0.578529950741174	1.91931711079824	1.68025168889585e-07	1.67483345747677e-07	3.7109793012856e-06
GO_EYE_DEVELOPMENT	325	0.384692757417655	1.46461642279132	0.00463688842674514	0.00463487946470076	0.0438867833063383
GO_EYE_MORPHOGENESIS	135	0.490180448323803	1.69555350695646	0.0011038327770726	0.00110086721299762	0.0147014230972775
GO_FAT_CELL_DIFFERENTIATION	105	0.51914643587301	1.76613690282641	4.10539372397434e-06	4.09716725213727e-06	7.99961764476702e-05
GO_FOREBRAIN_DEVELOPMENT	356	0.447254262518884	1.73626987259574	0	0	0
GO_FOREBRAIN_GENERATION_OF_NEURONS	65	0.716897541629459	2.21046491448603	0	0	0
GO_FORMATION_OF_PRIMARY_GERM_LAYER	109	0.543657810132142	1.87021966721069	1.56045648369574e-06	1.55663001943918e-06	3.15377506678156e-05
GO_GASTRULATION	154	0.480223845225726	1.68381289570674	0.0030113437633299	0.00301259173772217	0.0317691492341611
GO_GLAND_DEVELOPMENT	394	0.398792782874755	1.58400112212554	3.07209813144027e-11	3.0348279445036e-11	8.5904507749681e-10
GO_GLAND_MORPHOGENESIS	96	0.498601594815457	1.65611512449573	0.00396468404558348	0.00396685183375023	0.0391131590807773
GO_GLIAL_CELL_DIFFERENTIATION	135	0.525209353746415	1.80964415260714	5.21738208192346e-12	5.18129983362314e-12	1.53262849078573e-10
GO_GLIAL_CELL_MIGRATION	36	0.683366437131075	1.84700284183309	2.69524605414073e-05	2.69275712839745e-05	0.000482737914290888
GO_GLIOGENESIS	174	0.561837827656648	1.99125350321791	2.22044604925031e-16	2.22044604925031e-16	7.81914215914575e-15
GO_GLOMERULUS_DEVELOPMENT	48	0.573979575046843	1.67193513003235	0.00540920649348076	0.00540980281780701	0.0492375284156096
GO_G_PROTEIN_COUPLED_RECEPTOR_ACTIVITY	878	-0.306702631458747	-1.30067744743675	0.00221698228823786	0.00221594385129309	0.0245250080781597
GO_G_PROTEIN_COUPLED_RECEPTOR_BINDING	258	0.464443328326857	1.71809982197602	0.000430209899085932	0.000430051602573922	0.0064247103051195
GO_G_PROTEIN_COUPLED_RECEPTOR_SIGNALING_PATHWAY	1192	0.336869604476178	1.4096287997704	5.61548733069017e-08	5.5698363587986e-08	1.30241707109298e-06
GO_G_PROTEIN_COUPLED_RECEPTOR_SIGNALING_PATHWAY_COUPLED_TO_CYCLIC_NUCLEOTIDE_SECOND_MESSENGER	171	0.472919829129776	1.66534088997095	0.000332977641816057	0.000332832012464257	0.00514108142490482
GO_GRANULOCYTE_MIGRATION	74	0.739186517591602	2.2420570453339	0	0	0
GO_GROWTH	409	0.445168400502538	1.74544902715123	0	2.22044604925031e-16	7.81914215914575e-15
GO_GROWTH_FACTOR_ACTIVITY	159	0.527538897898807	1.83395626105113	0.000358999825954553	0.000358884523941949	0.00544400216318095
GO_HEAD_DEVELOPMENT	708	0.411139869324029	1.70686210465964	0	0	0
GO_HEART_DEVELOPMENT	465	0.396676064601779	1.5827226846367	1.38505847901982e-08	1.37633409114102e-08	3.32342550334296e-07
GO_HEART_MORPHOGENESIS	211	0.421097720612074	1.5233288841349	0.00365734047929334	0.00365648586676515	0.0374252082833609
GO_HINDBRAIN_DEVELOPMENT	136	0.478012154554717	1.65528349788825	0.000997320787736178	0.000997070611834405	0.0134321886161382
GO_HIPPOCAMPUS_DEVELOPMENT	72	0.585692713101986	1.84689016425252	7.16974799243042e-05	7.16343120880092e-05	0.00120737490117568
GO_HISTONE_ACETYLTRANSFERASE_BINDING	27	0.688359420285287	1.83072447903185	0.00364368141972293	0.00364452136279647	0.0373673975429877
GO_HISTONE_DEACETYLASE_BINDING	104	0.526613267434809	1.78567495174954	3.9779360583303e-07	3.96923663603665e-07	8.47725773963641e-06
GO_HORMONE_MEDIATED_SIGNALING_PATHWAY	157	0.462838744587397	1.64658297975788	2.23062929475271e-05	2.15468127258145e-05	0.000394646885714918
GO_HORMONE_RECEPTOR_BINDING	167	0.476113513255854	1.69991346792644	4.37085699930284e-05	4.3648624278636e-05	0.000752843327208195
GO_HORMONE_TRANSPORT	77	0.556626730068644	1.7307982906089	0.000286208262470278	0.000286041501659895	0.00450058915909558
GO_HUMORAL_IMMUNE_RESPONSE	186	0.608738692646007	2.05765520599042	1.59988644554687e-09	1.59051760650897e-09	4.0733775584879e-08
GO_IMMUNE_RESPONSE	1099	0.367710046473874	1.54924772969005	2.22044604925031e-16	0	0
GO_IMMUNE_SYSTEM_DEVELOPMENT	581	0.358161310640747	1.45356731011049	6.45453253067529e-08	6.41459327876959e-08	1.47660442946307e-06
GO_IMMUNE_SYSTEM_PROCESS	1983	0.325402737507654	1.41738224274312	2.22044604925031e-16	0	0
GO_INACTIVATION_OF_MAPK_ACTIVITY	25	0.786796636705921	2.0202207541415	1.11803875432193e-05	1.11676474485733e-05	0.000211755776621025
GO_INFLAMMATORY_RESPONSE	453	0.426332813278067	1.66850422551944	0	0	0
GO_INTERACTION_WITH_SYMBIONT	51	0.627381426155196	1.88058199939781	0.000807492668415399	0.000807461229786699	0.0111610762509769
GO_INTERSPECIES_INTERACTION_BETWEEN_ORGANISMS	661	0.313140876425615	1.29400296965817	0.00544096739135924	0.00543982804268595	0.0494347506920585
GO_INTESTINAL_EPITHELIAL_CELL_DIFFERENTIATION	16	0.8063781287958	1.82270961522565	0.00373900406908323	0.00373832939135688	0.0378667640033379
GO_INTRACELLULAR_RECEPTOR_SIGNALING_PATHWAY	167	0.449638603310556	1.62089583465835	0.00180711222663188	0.00180559056648	0.0211522253292983
GO_INTRACELLULAR_SIGNAL_TRANSDUCTION	1571	0.373322125221178	1.61880335826596	2.22044604925031e-16	0	0
GO_INTRACELLULAR_VESICLE	1258	0.308003515981346	1.31513152488709	0.00220849493047071	0.00221214249331736	0.0245250080781597
GO_INTRINSIC_APOPTOTIC_SIGNALING_PATHWAY	151	0.496837339365094	1.79877409426821	5.85176351819428e-12	5.78992409572265e-12	1.70413885324852e-10
GO_INTRINSIC_APOPTOTIC_SIGNALING_PATHWAY_IN_RESPONSE_TO_DNA_DAMAGE	70	0.596860061815381	1.92479342184472	9.2054956080112e-07	9.18573370367604e-07	1.87388967554991e-05
GO_INTRINSIC_COMPONENT_OF_PLASMA_MEMBRANE	1648	0.317549028342325	1.36162711362518	2.3419510131184e-07	2.32064925720366e-07	5.10370297606573e-06
GO_IN_UTERO_EMBRYONIC_DEVELOPMENT	310	0.451642969901522	1.74280700939737	4.44089209850063e-16	4.44089209850063e-16	1.52746032876336e-14
GO_LABYRINTHINE_LAYER_BLOOD_VESSEL_DEVELOPMENT	17	0.774296635332944	1.81935717279402	0.00144583992956171	0.00144553786519108	0.0182341194253101
GO_LABYRINTHINE_LAYER_DEVELOPMENT	43	0.701533972367074	1.99557902115318	0.000126671504583231	0.00012655844894327	0.00205692248337469
GO_LEARNING	130	0.512238675024638	1.76133249787176	6.52417400193173e-06	6.51236153326185e-06	0.000125495540165398
GO_LEUKOCYTE_ACTIVATION	413	0.36736264684877	1.455379329279	0.00384332906994511	0.00384310553757339	0.0382757783843168
GO_LEUKOCYTE_CELL_CELL_ADHESION	254	0.41577314439868	1.56167251669757	0.00278906802005885	0.00278970867757167	0.0298443337007486
GO_LEUKOCYTE_CHEMOTAXIS	116	0.587500915269626	1.93022938275161	3.31485949800481e-11	3.29083427175192e-11	9.27075026270683e-10
GO_LEUKOCYTE_DIFFERENTIATION	291	0.426248514619019	1.63890272818995	5.65242819217104e-09	5.6103168777355e-09	1.41840319011467e-07
GO_LEUKOCYTE_MIGRATION	258	0.484802710344949	1.81388612116279	0	0	0
GO_LIMBIC_SYSTEM_DEVELOPMENT	99	0.541385357215898	1.78515893861369	4.62336925710627e-06	4.61456154376982e-06	8.98017963583627e-05
GO_LIPID_STORAGE	26	0.692290157061657	1.82307287500533	0.00205016812802128	0.0020498600747838	0.0231430767221775
GO_LIPOPOLYSACCHARIDE_MEDIATED_SIGNALING_PATHWAY	30	0.656294180748759	1.76655505760528	0.00147817716508925	0.00147793886680481	0.0184461737046777
GO_LOCOMOTION	1113	0.412258681587178	1.74957995166588	0	0	0
GO_LONG_TERM_MEMORY	27	0.718674307709264	1.84307206945338	0.0041015040312663	0.00410103929335304	0.0401684577143652
GO_LYMPHOCYTE_ACTIVATION	341	0.373074317884299	1.44620207339116	0.00463611789295382	0.00463645023097725	0.0438867833063383
GO_LYMPHOCYTE_CHEMOTAXIS	37	0.74972148563127	1.94737578255488	0.000351940210055579	0.000351773229602781	0.00537749464167972
GO_LYMPHOCYTE_DIFFERENTIATION	208	0.467651017643524	1.70428225720954	6.08569555859972e-08	6.06107831702118e-08	1.40617016954891e-06
GO_LYMPHOCYTE_MIGRATION	48	0.771782968584194	2.13875173297865	7.64345619552742e-06	7.63303318596087e-06	0.000146139237307911
GO_MACROMOLECULAR_COMPLEX_BINDING	1398	0.296341103456151	1.26879177462323	0.00429883266302289	0.00429741548361906	0.041543611290066
GO_MAMMARY_GLAND_DEVELOPMENT	116	0.493554375579662	1.68806093978139	0.00191569879518794	0.00191599382499497	0.0220693374496939
GO_MAMMARY_GLAND_LOBULE_DEVELOPMENT	16	0.806508621734552	1.89847321221435	8.53926481478862e-05	8.53282046729964e-05	0.00142197650378999
GO_MAMMARY_GLAND_MORPHOGENESIS	39	0.590991769495772	1.66960388523198	0.00370093912878167	0.00370239550766049	0.0376346594902397
GO_MAP_KINASE_PHOSPHATASE_ACTIVITY	13	0.84686329726803	1.86800889897311	0.00114580137853459	0.00114542401675821	0.0151935616213937
GO_MEMBRANE_MICRODOMAIN	287	0.426174047219635	1.6339244240394	0.00123979422206855	0.00123963567345176	0.016153490405596
GO_MEMBRANE_REGION	1133	0.305640749855851	1.29320816057269	0.00357609111851964	0.00357373761065627	0.0371014647807039
GO_MEMORY	97	0.524348814907156	1.68704020504625	0.00293636259419083	0.00293658930015384	0.0310784656524331
GO_MESENCHYMAL_CELL_DIFFERENTIATION	133	0.457008381015671	1.58588638750053	0.000747753137222973	0.000747548216023519	0.0104798465544909
GO_MESENCHYME_DEVELOPMENT	189	0.431988917828818	1.57833827787001	0.000447871908804687	0.000447529219740006	0.00665221825121074
GO_MESODERM_DEVELOPMENT	117	0.481767327207005	1.60996643572467	0.00507884629284983	0.00507885445015355	0.0469476608236069
GO_MESODERM_MORPHOGENESIS	65	0.560574768894056	1.72687637560595	0.00375211814299503	0.00375168288128824	0.0378667640033379
GO_MODULATION_OF_SYNAPTIC_TRANSMISSION	300	0.379708660823651	1.45081931159904	0.00213293570791606	0.00213233427149262	0.0239826797531375
GO_MOLECULAR_FUNCTION_REGULATOR	1352	0.312468843891004	1.33185739357249	3.64501977268006e-07	3.61488976086122e-07	7.83358528397618e-06
GO_MONOCARBOXYLIC_ACID_BINDING	64	0.581609451795907	1.71124105940123	0.00379595832358803	0.0037952633370989	0.038048420320201
GO_MONOCYTE_CHEMOTAXIS	40	0.791465557516745	2.10562654782256	5.67970293241515e-07	5.66710943616933e-07	1.180514768464e-05
GO_MORPHOGENESIS_OF_A_BRANCHING_STRUCTURE	166	0.495129261274804	1.7797224632264	9.51604269827655e-08	9.4781406945188e-08	2.15664155187589e-06
GO_MORPHOGENESIS_OF_AN_EPITHELIUM	399	0.443153416036387	1.72591885183236	0	0	0
GO_MOVEMENT_OF_CELL_OR_SUBCELLULAR_COMPONENT	1274	0.38483824744874	1.6408437199511	0	2.22044604925031e-16	7.81914215914575e-15
GO_MRNA_BINDING	154	0.422476528254712	1.49154827587682	0.0036361796920632	0.0036365513047929	0.0373673975429877
GO_MRNA_METABOLIC_PROCESS	610	0.339603327346612	1.39697898290517	0.00242841990432607	0.00243143885061214	0.0265885253978215
GO_MULTI_MULTICELLULAR_ORGANISM_PROCESS	212	0.542343327988924	1.99469527987668	2.22044604925031e-16	0	0
GO_MULTI_ORGANISM_METABOLIC_PROCESS	137	0.435576209222236	1.54563713994934	0.00146702510831209	0.00146646589097343	0.0183470923816168
GO_MULTI_ORGANISM_REPRODUCTIVE_PROCESS	890	0.335950837343169	1.39758772191058	0.00159085957865446	0.00159185145503637	0.019497708505166
GO_MUSCLE_ORGAN_DEVELOPMENT	276	0.499483045500158	1.88472138447561	0	0	0
GO_MUSCLE_STRUCTURE_DEVELOPMENT	431	0.463034960016142	1.81587418699999	0	0	0
GO_MUSCLE_SYSTEM_PROCESS	281	0.418204998218743	1.56651338235884	0.000870613059566039	0.000870473485962919	0.0118657169192549
GO_MUSCLE_TISSUE_DEVELOPMENT	274	0.457362904376748	1.720267176862	5.36125588368463e-11	5.3160476021219e-11	1.46277849368154e-09
GO_MYELOID_LEUKOCYTE_MEDIATED_IMMUNITY	42	0.595683913467261	1.69647396202558	0.00465360226037947	0.00465311973392624	0.0439742114151879
GO_MYELOID_LEUKOCYTE_MIGRATION	98	0.642878831469537	2.06746056997744	7.19313497654639e-13	7.12763181809350e-13	2.2076999914053e-11
GO_NEGATIVE_REGULATION_OF_APOPTOTIC_SIGNALING_PATHWAY	199	0.506817052510643	1.82669969447166	4.44089209850063e-14	4.39648317751562e-14	1.43699417006533e-12
GO_NEGATIVE_REGULATION_OF_CATALYTIC_ACTIVITY	828	0.35452689862885	1.46888827660514	6.66133814775094e-16	4.44089209850063e-16	1.52746032876336e-14
GO_NEGATIVE_REGULATION_OF_CELL_COMMUNICATION	1191	0.409994947298989	1.74025483871024	0	0	0
GO_NEGATIVE_REGULATION_OF_CELL_CYCLE	432	0.352521707705783	1.40263739299091	0.00120854204639664	0.0012081816461238	0.0158835613743742
GO_NEGATIVE_REGULATION_OF_CELL_DEATH	871	0.428454437855916	1.78160369770675	0	0	0
GO_NEGATIVE_REGULATION_OF_CELL_DIFFERENTIATION	608	0.358373561650457	1.46392564468339	2.3525111451983e-05	2.34755639230144e-05	0.00042601667536366
GO_NEGATIVE_REGULATION_OF_CELL_PROLIFERATION	642	0.460361241603929	1.88837979290294	0	0	0
GO_NEGATIVE_REGULATION_OF_CYTOKINE_PRODUCTION	210	0.419092922812104	1.55831771945496	1.87617324084455e-05	1.87357246497211e-05	0.000346376709461718
GO_NEGATIVE_REGULATION_OF_DEVELOPMENTAL_PROCESS	800	0.356063852242565	1.47588535705669	2.12995102111257e-07	2.1149125328801e-07	4.66859050168607e-06
GO_NEGATIVE_REGULATION_OF_EPITHELIAL_CELL_APOPTOTIC_PROCESS	34	0.653954166279199	1.74393839404057	0.00243122831732179	0.00243050849868787	0.0265885253978215
GO_NEGATIVE_REGULATION_OF_EXTRINSIC_APOPTOTIC_SIGNALING_PATHWAY	97	0.561930590008006	1.84495786232867	0.000829253829250143	0.000829213320297395	0.011355615747406
GO_NEGATIVE_REGULATION_OF_FAT_CELL_DIFFERENTIATION	40	0.645451390438471	1.78696566118491	0.00261877128262822	0.0026196496405273	0.028126764561451
GO_NEGATIVE_REGULATION_OF_GENE_EXPRESSION	1492	0.370272233061693	1.59418549078268	2.22044604925031e-16	2.22044604925031e-16	7.81914215914575e-15
GO_NEGATIVE_REGULATION_OF_G_PROTEIN_COUPLED_RECEPTOR_PROTEIN_SIGNALING_PATHWAY	40	0.666344582434135	1.85115796055473	0.000767016403206422	0.000766877815573497	0.0107254117185173
GO_NEGATIVE_REGULATION_OF_GROWTH	235	0.399157000077008	1.48721808296682	0.000844196372684514	0.000843824923781766	0.0115290259794294
GO_NEGATIVE_REGULATION_OF_HEMOPOIESIS	127	0.499798264997361	1.69596912412786	0.00122197009224456	0.00122232079748319	0.0159983403493596
GO_NEGATIVE_REGULATION_OF_HORMONE_SECRETION	73	0.627821492904946	1.99278475017992	2.34946104538114e-06	2.34459024495148e-06	4.7018969115705e-05
GO_NEGATIVE_REGULATION_OF_HUMORAL_IMMUNE_RESPONSE	12	0.855255284907902	1.74009655879181	0.00495563853421377	0.00495496539034446	0.0461631106287839
GO_NEGATIVE_REGULATION_OF_HYDROLASE_ACTIVITY	396	0.371738062490433	1.44535175417464	0.00174479635114877	0.00174596920866954	0.0206611927652766
GO_NEGATIVE_REGULATION_OF_IMMUNE_EFFECTOR_PROCESS	101	0.505861406178402	1.66842439937082	0.00349454107614866	0.00349615160655692	0.0364141424373076
GO_NEGATIVE_REGULATION_OF_IMMUNE_RESPONSE	120	0.473752580054226	1.60412366542728	0.00383768463603662	0.00383879841435919	0.0382757783843168
GO_NEGATIVE_REGULATION_OF_IMMUNE_SYSTEM_PROCESS	371	0.408751715204315	1.59360028265524	1.28708155244794e-12	1.26842980563424e-12	3.86805707738772e-11
GO_NEGATIVE_REGULATION_OF_INTRACELLULAR_SIGNAL_TRANSDUCTION	436	0.416260668264087	1.66557738811201	3.91874532823522e-10	3.88063137179984e-10	1.02490246408785e-08
GO_NEGATIVE_REGULATION_OF_KINASE_ACTIVITY	249	0.491690642174319	1.8600993031239	0	2.22044604925031e-16	7.81914215914575e-15
GO_NEGATIVE_REGULATION_OF_LEUKOCYTE_DIFFERENTIATION	81	0.545874394836976	1.72689906050839	0.00440096320308025	0.00440110281967121	0.0421309454387943
GO_NEGATIVE_REGULATION_OF_LIPID_METABOLIC_PROCESS	79	0.541558604145944	1.70693133262747	0.000100214786139197	0.000100134125819218	0.00165012113745541
GO_NEGATIVE_REGULATION_OF_LOCOMOTION	262	0.384939577196322	1.4457861417499	0.00445787691660893	0.00445989844534356	0.0425560632300847
GO_NEGATIVE_REGULATION_OF_LYMPHOCYTE_DIFFERENTIATION	39	0.677565110799049	1.85843643721349	0.000739478231237767	0.000739309658316367	0.0104137046157134
GO_NEGATIVE_REGULATION_OF_MAPK_CASCADE	144	0.536510055271284	1.90629314502746	2.30641616916216e-10	2.28984387007358e-10	6.07476068850014e-09
GO_NEGATIVE_REGULATION_OF_MAP_KINASE_ACTIVITY	72	0.666248537106988	2.10530694990267	0	0	0
GO_NEGATIVE_REGULATION_OF_MOLECULAR_FUNCTION	1078	0.355474978057749	1.50280129706013	0	0	0
GO_NEGATIVE_REGULATION_OF_MULTICELLULAR_ORGANISMAL_PROCESS	982	0.370376259109125	1.5561185732113	4.67497152101259e-11	4.58385551738161e-11	1.27314972961641e-09
GO_NEGATIVE_REGULATION_OF_MULTI_ORGANISM_PROCESS	150	0.45711248722404	1.61633528202335	0.00111843191964867	0.0011182704554914	0.0149001982312773
GO_NEGATIVE_REGULATION_OF_MUSCLE_CELL_APOPTOTIC_PROCESS	29	0.685332879130989	1.83073338787841	0.000816469083365634	0.000816241102047033	0.0112561360366206
GO_NEGATIVE_REGULATION_OF_MUSCLE_CELL_DIFFERENTIATION	54	0.641787839468291	1.82712433166996	0.0047536088353558	0.00475425193541046	0.0446919809304252
GO_NEGATIVE_REGULATION_OF_MUSCLE_CONTRACTION	21	0.792810630792742	1.95371313406042	0.000223708029889025	0.000223583046541909	0.00355569167565035
GO_NEGATIVE_REGULATION_OF_NEURON_APOPTOTIC_PROCESS	134	0.457913200381389	1.60088912819408	0.00468446331619354	0.00468428241620433	0.0441981096878227
GO_NEGATIVE_REGULATION_OF_NITROGEN_COMPOUND_METABOLIC_PROCESS	1516	0.351027249944529	1.50918723958485	2.22044604925031e-16	0	0
GO_NEGATIVE_REGULATION_OF_PHOSPHORUS_METABOLIC_PROCESS	540	0.421681797397208	1.70045973244811	0	2.22044604925031e-16	7.81914215914575e-15
GO_NEGATIVE_REGULATION_OF_PHOSPHORYLATION	421	0.437174072698967	1.74749341770625	0	0	0
GO_NEGATIVE_REGULATION_OF_PRODUCTION_OF_MOLECULAR_MEDIATOR_OF_IMMUNE_RESPONSE	28	0.735106238144469	1.90927825904226	4.39260197949709e-05	4.38897027175145e-05	0.000754800817665162
GO_NEGATIVE_REGULATION_OF_PROTEIN_METABOLIC_PROCESS	1086	0.374623024932723	1.60100785183937	0	0	0
GO_NEGATIVE_REGULATION_OF_PROTEIN_MODIFICATION_PROCESS	615	0.395633278270558	1.61597262571366	0	0	0
GO_NEGATIVE_REGULATION_OF_PROTEIN_SECRETION	107	0.502166120482799	1.68983029037245	0.00174727571928868	0.00174621304642297	0.0206611927652766
GO_NEGATIVE_REGULATION_OF_PROTEIN_SERINE_THREONINE_KINASE_ACTIVITY	125	0.597774160459562	2.08848096520102	0	0	0
GO_NEGATIVE_REGULATION_OF_RESPONSE_TO_STIMULUS	1359	0.396938619276753	1.70542987549182	0	0	0
GO_NEGATIVE_REGULATION_OF_RESPONSE_TO_WOUNDING	155	0.425842355567702	1.50664072410425	0.00475924173042208	0.00475928803011627	0.0446919809304252
GO_NEGATIVE_REGULATION_OF_SECRETION	199	0.443119313006524	1.60085592130682	0.00130978152134742	0.00131071263398319	0.0167839306117848
GO_NEGATIVE_REGULATION_OF_SMOOTH_MUSCLE_CELL_MIGRATION	15	0.787586906428621	1.8380485872056	0.00172081521805478	0.00172117587506693	0.0206123005605181
GO_NEGATIVE_REGULATION_OF_SMOOTH_MUSCLE_CONTRACTION	14	0.815060820567583	1.80074371186303	0.0038006039740559	0.00380098316586186	0.038048420320201
GO_NEGATIVE_REGULATION_OF_T_CELL_DIFFERENTIATION	31	0.73184003137529	1.87433014175154	0.00162378046601153	0.00162355569495609	0.0198040319409489
GO_NEGATIVE_REGULATION_OF_TRANSCRIPTION_FROM_RNA_POLYMERASE_II_PROMOTER	739	0.431104550953998	1.7878740152145	0	0	0
GO_NEGATIVE_REGULATION_OF_TRANSFERASE_ACTIVITY	350	0.428961063523339	1.66878659042284	2.87669887910624e-11	2.84683387974383e-11	8.097052515656e-10
GO_NEGATIVE_REGULATION_OF_TRANSPORT	457	0.380066473527432	1.51810687769294	0.00100485628914182	0.00100233573410669	0.013446299779989
GO_NERVE_DEVELOPMENT	67	0.567007090430695	1.7242814986332	0.00193576913950144	0.00193530710124123	0.022163553259539
GO_NEURAL_PRECURSOR_CELL_PROLIFERATION	69	0.550230287304242	1.72773364710912	0.00186915667761967	0.0018665967263094	0.0216101491836525
GO_NEURAL_RETINA_DEVELOPMENT	49	0.595752565586664	1.71232025095121	0.0028370181587406	0.0028359541714652	0.0302297385196183
GO_NEURAL_TUBE_DEVELOPMENT	148	0.496828602717777	1.76142709150313	3.8508855348951e-07	3.83946885729181e-07	8.2298180288907e-06
GO_NEURAL_TUBE_PATTERNING	33	0.701649487820479	1.85672563067447	0.00098133448147375	0.000981099174198308	0.0132515587090347
GO_NEUROBLAST_PROLIFERATION	28	0.673900459411833	1.75719211366648	0.00244838619518162	0.00244802574185021	0.0267205171379813
GO_NEUROGENESIS	1401	0.374317089203197	1.61596674123296	0	0	0
GO_NEURON_DEVELOPMENT	686	0.40575220592064	1.67255718775037	0	0	0
GO_NEURON_DIFFERENTIATION	873	0.39847144551996	1.67479387825417	0	0	0
GO_NEURON_PROJECTION_DEVELOPMENT	544	0.412279790001717	1.65618864618738	2.22044604925031e-16	0	0
GO_NEURON_PROJECTION_GUIDANCE	204	0.429671282193933	1.59419051735892	0.00177567545439472	0.00177545228100684	0.0208404279651517
GO_NEURON_PROJECTION_MORPHOGENESIS	401	0.402103470524206	1.57573718245406	6.42613010581883e-08	6.38508277361893e-08	1.475552722216e-06
GO_NIK_NF_KAPPAB_SIGNALING	82	0.474263784684981	1.55310196157687	0.00456433444140791	0.00456299868211685	0.0433998395553107
GO_NUCLEAR_EXPORT	146	0.461588764954267	1.64889210206378	6.24101104129693e-07	6.22163549235388e-07	1.28696488016663e-05
GO_NUCLEAR_TRANSCRIBED_MRNA_CATABOLIC_PROCESS_NONSENSE_MEDIATED_DECAY	117	0.45073654088095	1.57900960182502	0.00443926090362845	0.0044385157369301	0.0424204508880105
GO_NUCLEIC_ACID_BINDING_TRANSCRIPTION_FACTOR_ACTIVITY	1198	0.335477108687611	1.43218024529781	8.20343792895528e-13	8.00248756149813e-13	2.46576647988661e-11
GO_OLFACTORY_LOBE_DEVELOPMENT	35	0.702171267117025	1.98119138264643	7.02039042455027e-07	7.00418793075919e-07	1.43877693744345e-05
GO_OLIGOSACCHARIDE_CATABOLIC_PROCESS	11	0.827513816710924	1.77642736032963	0.00551154350687744	0.00551017368985429	0.049852141466958
GO_ORGANIC_HYDROXY_COMPOUND_BIOSYNTHETIC_PROCESS	174	0.445211443216577	1.60288242797192	0.00169002619995851	0.00169090150018836	0.0204150475002333
GO_ORGAN_MORPHOGENESIS	840	0.417359121180319	1.74019076270004	2.22044604925031e-16	2.22044604925031e-16	7.81914215914575e-15
GO_ORGAN_REGENERATION	82	0.636844907469181	2.03547517490628	1.96509764016639e-09	1.95605365238549e-09	4.987936813583e-08
GO_OSSIFICATION	250	0.476565140880009	1.77319701763926	9.36833610687415e-10	9.29345378430924e-10	2.40087653222591e-08
GO_OSTEOBLAST_DIFFERENTIATION	125	0.525907934373608	1.82104180839881	1.38828584034245e-05	1.38662383142307e-05	0.000260421161482505
GO_PALATE_DEVELOPMENT	84	0.51977347585544	1.71964528175454	0.00132845957645811	0.00132841734707323	0.0169373211751837
GO_PALLIUM_DEVELOPMENT	152	0.493572786961236	1.75119496653523	1.9959296544747e-05	2.00186598170449e-05	0.00036894202952535
GO_PATTERN_SPECIFICATION_PROCESS	417	0.394295327631073	1.56009134235361	4.07573138239137e-07	4.06017957255145e-07	8.64029580978934e-06
GO_PEPTIDYL_TYROSINE_AUTOPHOSPHORYLATION	38	0.627121058886542	1.75171878634207	0.0041177864670755	0.00411775993110453	0.0402655665329163
GO_PERIPHERAL_NERVOUS_SYSTEM_DEVELOPMENT	68	0.55486246850792	1.71598753978347	0.0021773261374789	0.00217760936103317	0.0243529999619513
GO_PHOSPHATE_CONTAINING_COMPOUND_METABOLIC_PROCESS	1976	0.280689626079811	1.22479777313543	0.000971337369894187	0.000970566509231663	0.0131694299738865
GO_PHOSPHORYLATION	1227	0.304106353574356	1.30194333065946	0.00130935534578958	0.00130404618011493	0.0167347878558783
GO_PLACENTA_BLOOD_VESSEL_DEVELOPMENT	27	0.768382995574033	2.03480530929192	0.000458738969260741	0.00045866046364651	0.00676667157838591
GO_PLACENTA_DEVELOPMENT	137	0.573281327415616	1.99720363923668	1.19904086659517e-13	1.18349774425042e-13	3.7642863736481e-12
GO_PLATELET_ALPHA_GRANULE_LUMEN	54	0.614085855920786	1.74195523059309	0.00495049801196223	0.0049500350571362	0.0461631106287839
GO_PLATELET_DEGRANULATION	106	0.525882555286596	1.73228814906685	0.00191727234407724	0.00191745088727902	0.0220693374496939
GO_POLYAMINE_METABOLIC_PROCESS	14	0.76533246192012	1.76183114865133	0.00389128318585164	0.00389045416031386	0.0386173268664711
GO_POLY_A_RNA_BINDING	1169	0.361865751994179	1.54425106638878	2.22044604925031e-16	2.22044604925031e-16	7.81914215914575e-15
GO_POSITIVE_CHEMOTAXIS	35	0.646365475500842	1.74277947494245	0.0050941738444864	0.00509397964833258	0.0470140149758745
GO_POSITIVE_REGULATION_OF_APOPTOTIC_SIGNALING_PATHWAY	170	0.425953716571987	1.54977180893694	0.0012657122882721	0.00126534802837008	0.0164274975299746
GO_POSITIVE_REGULATION_OF_ASTROCYTE_DIFFERENTIATION	11	0.905597263334137	2.00599473950446	2.51671922301133e-05	2.51499071208805e-05	0.000452239667255711
GO_POSITIVE_REGULATION_OF_AXONOGENESIS	68	0.573707779246357	1.78768980833295	0.00146714661924785	0.00146689903592034	0.0183470923816168
GO_POSITIVE_REGULATION_OF_B_CELL_ACTIVATION	85	0.605208514154957	1.8669959092208	0.000442732047192917	0.000442552086190595	0.00659480640277975
GO_POSITIVE_REGULATION_OF_B_CELL_MEDIATED_IMMUNITY	25	0.81218124960723	1.94799669303735	0.000365803163064116	0.000365669115934941	0.00553273271066781
GO_POSITIVE_REGULATION_OF_B_CELL_PROLIFERATION	36	0.72662674993718	2.01042576794021	1.37926487675522e-07	1.37556413370987e-07	3.05933737407053e-06
GO_POSITIVE_REGULATION_OF_BIOSYNTHETIC_PROCESS	1804	0.373833603544511	1.62552491460341	2.22044604925031e-16	0	0
GO_POSITIVE_REGULATION_OF_BLOOD_CIRCULATION	92	0.535357622111003	1.71943655713319	0.00137396685045521	0.00137150324151025	0.0174116162591731
GO_POSITIVE_REGULATION_OF_CALCIUM_MEDIATED_SIGNALING	37	0.639066241335764	1.80308895318706	0.00335461384265867	0.00335448995200249	0.0350621246573264
GO_POSITIVE_REGULATION_OF_CARDIAC_MUSCLE_CELL_DIFFERENTIATION	12	0.813121420457539	1.80110652578778	0.00402963541751367	0.00402965811330125	0.039666318466373
GO_POSITIVE_REGULATION_OF_CATABOLIC_PROCESS	394	0.35610690303967	1.41200857628351	0.00503724007253947	0.00504100157033938	0.0466706812052077
GO_POSITIVE_REGULATION_OF_CATALYTIC_ACTIVITY	1517	0.348887417278492	1.50948396847732	0	0	0
GO_POSITIVE_REGULATION_OF_CELL_ACTIVATION	310	0.480252694619029	1.83205971857552	0	0	0
GO_POSITIVE_REGULATION_OF_CELL_ADHESION	375	0.399467395265724	1.5526335166934	3.84058720270808e-07	3.82566024081932e-07	8.2298180288907e-06
GO_POSITIVE_REGULATION_OF_CELL_CELL_ADHESION	242	0.42023199582513	1.54848943980718	8.32126533469868e-05	8.31137685249894e-05	0.00138898602992609
GO_POSITIVE_REGULATION_OF_CELL_COMMUNICATION	1531	0.37912270773004	1.63512323924099	0	0	0
GO_POSITIVE_REGULATION_OF_CELL_CYCLE	331	0.420285521176361	1.64061339098378	5.78804226769591e-10	5.73382119561927e-10	1.50094186695945e-08
GO_POSITIVE_REGULATION_OF_CELL_DEATH	604	0.446416012859041	1.82203833630372	0	0	0
GO_POSITIVE_REGULATION_OF_CELL_DEVELOPMENT	471	0.408890020335474	1.6486405491413	5.77315972805081e-15	5.77315972805081e-15	1.9405689176789e-13
GO_POSITIVE_REGULATION_OF_CELL_DIFFERENTIATION	822	0.422616502817593	1.76073633752574	0	0	0
GO_POSITIVE_REGULATION_OF_CELL_GROWTH	147	0.456547107916241	1.61582304991586	0.000412176152243759	0.000412067590387255	0.00620303273468448
GO_POSITIVE_REGULATION_OF_CELL_MORPHOGENESIS_INVOLVED_IN_DIFFERENTIATION	161	0.500285096293327	1.8125785068988	4.44089209850063e-16	2.22044604925031e-16	7.81914215914575e-15
GO_POSITIVE_REGULATION_OF_CELL_PROJECTION_ORGANIZATION	302	0.393136833377896	1.51912758904335	0.00170037158003955	0.00169620567140172	0.0204373783136712
GO_POSITIVE_REGULATION_OF_CELL_PROLIFERATION	813	0.438746399933742	1.83642439154421	2.22044604925031e-16	0	0
GO_POSITIVE_REGULATION_OF_CELLULAR_COMPONENT_ORGANIZATION	1151	0.336383042387151	1.42489714900209	1.19237952844742e-13	1.15685239165941e-13	3.71953192883537e-12
GO_POSITIVE_REGULATION_OF_CHEMOTAXIS	119	0.586919427444783	1.9611673128135	1.18793863634892e-13	1.17683640610267e-13	3.7633319883802e-12
GO_POSITIVE_REGULATION_OF_CYTOKINE_PRODUCTION	369	0.407695329861996	1.58746192680237	3.24289812855261e-05	3.23788132767788e-05	0.000575234412448719
GO_POSITIVE_REGULATION_OF_DEFENSE_RESPONSE	363	0.395981375755198	1.54908065227475	5.48685351606792e-05	5.47987824980334e-05	0.000931579302466568
GO_POSITIVE_REGULATION_OF_DEVELOPMENTAL_PROCESS	1141	0.40156829545478	1.7054516636959	0	0	0
GO_POSITIVE_REGULATION_OF_ENDOCYTOSIS	113	0.500064056888238	1.71292647714154	0.000169284819576898	0.000169187217496369	0.00272727950601777
GO_POSITIVE_REGULATION_OF_ENDOTHELIAL_CELL_PROLIFERATION	67	0.567920405294973	1.7441166927916	0.00174338985574274	0.00174290712693037	0.0206611927652766
GO_POSITIVE_REGULATION_OF_EPIDERMAL_GROWTH_FACTOR_ACTIVATED_RECEPTOR_ACTIVITY	10	0.848141353872611	1.77736145634504	0.00499310017296628	0.00499248327115487	0.0463666107255137
GO_POSITIVE_REGULATION_OF_EPITHELIAL_CELL_PROLIFERATION	153	0.464309838914407	1.62623197040405	0.000367987732134312	0.000367676102099979	0.00554890770414151
GO_POSITIVE_REGULATION_OF_ERK1_AND_ERK2_CASCADE	171	0.557004166389474	1.9441132517477	1.28785870856518e-14	1.26565424807268e-14	4.18302264335082e-13
GO_POSITIVE_REGULATION_OF_GENE_EXPRESSION	1732	0.368033784883053	1.60087842448362	0	2.22044604925031e-16	7.81914215914575e-15
GO_POSITIVE_REGULATION_OF_GLIOGENESIS	46	0.611043891129464	1.78985316528206	0.00191212832222531	0.00191164533872645	0.0220693374496939
GO_POSITIVE_REGULATION_OF_GROWTH	237	0.429482865690405	1.60861233121958	5.23526056950274e-07	5.2164059349824e-07	1.0904684632988e-05
GO_POSITIVE_REGULATION_OF_HEMOPOIESIS	162	0.534987947967708	1.89329261811613	0	2.22044604925031e-16	7.81914215914575e-15
GO_POSITIVE_REGULATION_OF_HUMORAL_IMMUNE_RESPONSE	15	0.874338273873445	1.9086859316558	0.00219623873596408	0.0021953882322775	0.0244593536387075
GO_POSITIVE_REGULATION_OF_HYDROLASE_ACTIVITY	904	0.357061045961617	1.50199263662037	2.22044604925031e-16	0	0
GO_POSITIVE_REGULATION_OF_IMMUNE_EFFECTOR_PROCESS	155	0.457458182558448	1.61112676116571	0.00120518649928314	0.00120501719033295	0.0158772420891085
GO_POSITIVE_REGULATION_OF_IMMUNE_SYSTEM_PROCESS	866	0.44531521340202	1.85660955653216	0	0	0
GO_POSITIVE_REGULATION_OF_INFLAMMATORY_RESPONSE	112	0.611123450241627	2.04856565365042	2.22044604925031e-16	2.22044604925031e-16	7.81914215914575e-15
GO_POSITIVE_REGULATION_OF_INTRACELLULAR_SIGNAL_TRANSDUCTION	875	0.430485329689232	1.80557966208834	0	0	0
GO_POSITIVE_REGULATION_OF_ION_TRANSPORT	235	0.425751723472157	1.56968047751195	0.001932847585982	0.00193184164311189	0.022163553259539
GO_POSITIVE_REGULATION_OF_KINASE_ACTIVITY	481	0.417723934022387	1.67728905430788	7.48290318597356e-14	7.32747196252603e-14	2.36881552624612e-12
GO_POSITIVE_REGULATION_OF_LEUKOCYTE_APOPTOTIC_PROCESS	27	0.802922153980387	2.05534573783245	0.00173425007330663	0.00173487885797963	0.0206611927652766
GO_POSITIVE_REGULATION_OF_LEUKOCYTE_CHEMOTAXIS	80	0.631414577977499	1.99259360728719	1.50748332991002e-05	1.50555609249592e-05	0.000280973812088513
GO_POSITIVE_REGULATION_OF_LEUKOCYTE_DIFFERENTIATION	130	0.547129398742232	1.8920750513022	8.0986567452257e-09	8.06081590365437e-09	1.99530489062842e-07
GO_POSITIVE_REGULATION_OF_LEUKOCYTE_MIGRATION	108	0.61345856722657	2.01635426654002	6.75015598972095e-14	6.68354260824344e-14	2.17251857529496e-12
GO_POSITIVE_REGULATION_OF_LOCOMOTION	419	0.453154693074407	1.77339752389659	0	0	0
GO_POSITIVE_REGULATION_OF_MAPK_CASCADE	469	0.446203884139173	1.76507661155802	0	0	0
GO_POSITIVE_REGULATION_OF_MAP_KINASE_ACTIVITY	206	0.402504917472238	1.49244803457738	0.00374592274348984	0.00374658110504777	0.0378667640033379
GO_POSITIVE_REGULATION_OF_MOLECULAR_FUNCTION	1790	0.34492726109896	1.50456163591335	2.22044604925031e-16	2.22044604925031e-16	7.81914215914575e-15
GO_POSITIVE_REGULATION_OF_MULTICELLULAR_ORGANISMAL_PROCESS	1394	0.387905152099345	1.66557280528738	0	0	0
GO_POSITIVE_REGULATION_OF_MYELOID_CELL_DIFFERENTIATION	80	0.628757792422362	1.99644511114186	4.20472545670236e-11	4.18104439958711e-11	1.16674805037535e-09
GO_POSITIVE_REGULATION_OF_MYELOID_LEUKOCYTE_DIFFERENTIATION	49	0.695364640453682	2.0020036996023	1.34402456941629e-08	1.33896876919337e-08	3.24645050760163e-07
GO_POSITIVE_REGULATION_OF_NERVOUS_SYSTEM_DEVELOPMENT	436	0.396014053718515	1.56927569997577	1.55794447310731e-05	1.55449388030693e-05	0.000289194521883515
GO_POSITIVE_REGULATION_OF_NEURON_APOPTOTIC_PROCESS	46	0.684250901601582	1.98941442048489	0.000111641082451541	0.000111579000753537	0.00182348444325393
GO_POSITIVE_REGULATION_OF_NEURON_DEATH	66	0.576403427122145	1.82720098715782	5.92751639105771e-06	5.91690430340464e-06	0.000114393483199156
GO_POSITIVE_REGULATION_OF_NEURON_DIFFERENTIATION	305	0.420935075755006	1.63668076249135	2.1209567435676e-10	2.10166328784567e-10	5.62599095515610e-09
GO_POSITIVE_REGULATION_OF_NEURON_PROJECTION_DEVELOPMENT	231	0.426684864926052	1.59804472576492	3.64288052823181e-06	3.6313566775803e-06	7.11361129290234e-05
GO_POSITIVE_REGULATION_OF_NEUROTRANSMITTER_TRANSPORT	15	0.848748936493621	1.80409259493584	0.0043782141690365	0.00437820706976477	0.0419796969606619
GO_POSITIVE_REGULATION_OF_NEUTROPHIL_MIGRATION	26	0.729851242453317	1.87812533596764	0.000946743324725663	0.000946352005467999	0.0128703872743648
GO_POSITIVE_REGULATION_OF_OSTEOCLAST_DIFFERENTIATION	23	0.773418747185418	1.93223871498732	0.000743895154523222	0.000743841233674658	0.0104526478347251
GO_POSITIVE_REGULATION_OF_PEPTIDYL_SERINE_PHOSPHORYLATION	87	0.548929933713886	1.70642188518445	0.0047925380740822	0.00479051330937819	0.0449139092524269
GO_POSITIVE_REGULATION_OF_PEPTIDYL_TYROSINE_PHOSPHORYLATION	161	0.502835871269806	1.78950429396382	1.20844569795331e-07	1.20385739932338e-07	2.69773499030194e-06
GO_POSITIVE_REGULATION_OF_PHAGOCYTOSIS	45	0.654566702846279	1.94948108308879	4.49178620330892e-05	4.488221831489e-05	0.000769632474060549
GO_POSITIVE_REGULATION_OF_PHOSPHORUS_METABOLIC_PROCESS	1035	0.40629339375826	1.69986592694537	0	0	0
GO_POSITIVE_REGULATION_OF_PROTEIN_COMPLEX_ASSEMBLY	196	0.463983923328234	1.68174499237972	1.24010098658811e-05	1.23864849999045e-05	0.00023337084477527
GO_POSITIVE_REGULATION_OF_PROTEIN_KINASE_B_SIGNALING	80	0.560529352038508	1.82280008772501	0.000106355133943636	0.000106275693577018	0.00174646389778233
GO_POSITIVE_REGULATION_OF_PROTEIN_METABOLIC_PROCESS	1491	0.368419965888751	1.58336750857367	0	0	0
GO_POSITIVE_REGULATION_OF_PROTEIN_MODIFICATION_PROCESS	1134	0.382984282538619	1.63325360042574	2.22044604925031e-16	2.22044604925031e-16	7.81914215914575e-15
GO_POSITIVE_REGULATION_OF_PROTEIN_SERINE_THREONINE_KINASE_ACTIVITY	288	0.420942976004915	1.612019328336	2.20286936676306e-05	2.1886908151969e-05	0.000399638730330398
GO_POSITIVE_REGULATION_OF_REACTIVE_OXYGEN_SPECIES_BIOSYNTHETIC_PROCESS	47	0.639111286850303	1.8226404356724	0.00154619685461033	0.00154695217411438	0.0189870727428645
GO_POSITIVE_REGULATION_OF_REACTIVE_OXYGEN_SPECIES_METABOLIC_PROCESS	85	0.537234129244834	1.70173687123866	0.00173736130585256	0.00173601688700309	0.0206611927652766
GO_POSITIVE_REGULATION_OF_RECEPTOR_ACTIVITY	44	0.641585473234093	1.83544915781168	0.000180281097508672	0.000180174869888416	0.00289650687570617
GO_POSITIVE_REGULATION_OF_RESPONSE_TO_EXTERNAL_STIMULUS	295	0.505992547923642	1.93449670861811	0	2.22044604925031e-16	7.81914215914575e-15
GO_POSITIVE_REGULATION_OF_RESPONSE_TO_STIMULUS	1928	0.370730683477888	1.61056025804144	0	0	0
GO_POSITIVE_REGULATION_OF_RESPONSE_TO_WOUNDING	161	0.577107381079069	2.05597239144715	0	0	0
GO_POSITIVE_REGULATION_OF_SMOOTH_MUSCLE_CELL_PROLIFERATION	59	0.679276200548983	2.07834645325891	2.01172412062078e-13	1.99840144432528e-13	6.32221547841089e-12
GO_POSITIVE_REGULATION_OF_THYMOCYTE_AGGREGATION	11	0.840345840323884	1.82558258907641	0.0037852609834742	0.00378453387376054	0.0380123979578393
GO_POSITIVE_REGULATION_OF_TRANSCRIPTION_FROM_RNA_POLYMERASE_II_PROMOTER	1003	0.428667718539836	1.81083203446342	2.22044604925031e-16	0	0
GO_POSITIVE_REGULATION_OF_TRANSFERASE_ACTIVITY	615	0.369855348530032	1.50863108402829	0.0001691123031069	0.000168935132162207	0.00272727950601777
GO_POSITIVE_REGULATION_OF_TRANSPORT	935	0.339479308065241	1.42796360121617	1.34122712935891e-11	1.31531452396416e-11	3.75913078443091e-10
GO_POSITIVE_REGULATION_OF_VASCULATURE_DEVELOPMENT	132	0.546571891790054	1.8988170223002	1.11579634420877e-11	1.10644826634143e-11	3.17754754547374e-10
GO_PROTEASE_BINDING	103	0.489294370743317	1.61082832458828	0.00551069591905207	0.00551103795121544	0.049852141466958
GO_PROTEIN_DOMAIN_SPECIFIC_BINDING	623	0.327757302316526	1.34760205549327	0.00167917800614292	0.00167936432679661	0.0203172174996497
GO_PROTEIN_KINASE_B_SIGNALING	33	0.642848172200111	1.74583684068665	0.00387241975165586	0.00387309341781472	0.0385096145542721
GO_PROTEIN_LOCALIZATION_TO_ENDOPLASMIC_RETICULUM	122	0.497359677197681	1.72974011886079	0.00029888974882053	0.000298799154226703	0.00467202289792696
GO_PROTEIN_PHOSPHORYLATION	943	0.336202629182955	1.42462724357994	1.43328447999025e-08	1.41717019230825e-08	3.39432342416826e-07
GO_PROTEIN_SERINE_THREONINE_TYROSINE_KINASE_ACTIVITY	38	0.611236676776299	1.75435525162554	0.00457348989155293	0.00457384481724443	0.0434331716513934
GO_PROTEIN_TYROSINE_PHOSPHATASE_ACTIVITY	102	0.493243734034064	1.6426916533273	0.00132098759554278	0.00132078707550587	0.016876406779034
GO_PROTEIN_TYROSINE_SERINE_THREONINE_PHOSPHATASE_ACTIVITY	44	0.603486093077892	1.76332196731872	0.00429628514975178	0.00429761496104131	0.041543611290066
GO_RECEPTOR_BINDING	1475	0.371998653813531	1.59829786009359	2.22044604925031e-16	0	0
GO_REGENERATION	160	0.510414713034316	1.79331187413797	1.08753020798824e-05	1.08595557178903e-05	0.000206575985939033
GO_REGIONALIZATION	310	0.455041848146748	1.73172688283972	9.69780287185529e-08	9.64668775971234e-08	2.18658255886813e-06
GO_REGULATION_OF_ACUTE_INFLAMMATORY_RESPONSE	73	0.586987271332025	1.81334548765424	0.00214776670131844	0.00214863554309075	0.0241201667417929
GO_REGULATION_OF_ANATOMICAL_STRUCTURE_MORPHOGENESIS	1020	0.399044218965601	1.69346652088151	0	0	0
GO_REGULATION_OF_ANATOMICAL_STRUCTURE_SIZE	471	0.365800774440298	1.46449772835351	0.00150377899948329	0.00150395960679128	0.0186357273515352
GO_REGULATION_OF_APOPTOTIC_SIGNALING_PATHWAY	362	0.453592946109829	1.78713056022181	2.30315766458489e-12	2.25985896662451e-12	6.78645971906121e-11
GO_REGULATION_OF_ASTROCYTE_DIFFERENTIATION	26	0.806322236324137	2.03638679788432	6.70507539357601e-06	6.69681006171263e-06	0.000128630936120428
GO_REGULATION_OF_B_CELL_ACTIVATION	120	0.578353481018526	1.90825116027894	5.77315972805081e-15	5.55111512312578e-15	1.87659411819498e-13
GO_REGULATION_OF_B_CELL_MEDIATED_IMMUNITY	40	0.765992036288688	2.07927982747808	8.8986071511421e-08	8.87212331379672e-08	2.0265436882016e-06
GO_REGULATION_OF_B_CELL_PROLIFERATION	54	0.667780963352803	1.97457850947183	8.07040145822668e-09	8.03740496380101e-09	1.99530489062842e-07
GO_REGULATION_OF_BINDING	282	0.409452247014854	1.54739611151181	0.00251181498157427	0.00250901531949788	0.0271448403395061
GO_REGULATION_OF_BIOMINERAL_TISSUE_DEVELOPMENT	74	0.547999891190571	1.69711582332969	0.00167195312740609	0.00167216900010869	0.0203007465250786
GO_REGULATION_OF_BLOOD_CIRCULATION	294	0.415086058630424	1.55982576670177	7.94328256503718e-08	7.90570608977248e-08	1.81279679174783e-06
GO_REGULATION_OF_CELL_ACTIVATION	483	0.437498220781174	1.74200858094647	0	0	0
GO_REGULATION_OF_CELL_ADHESION	628	0.386880660276208	1.5786457577484	1.04360964314765e-14	1.02140518265514e-14	3.39473767448755e-13
GO_REGULATION_OF_CELL_CELL_ADHESION	379	0.386514412321103	1.50891214393328	3.23598807276948e-05	3.27847903517364e-05	0.000577246487264502
GO_REGULATION_OF_CELL_CYCLE	948	0.372498227671872	1.56939632400151	0	0	0
GO_REGULATION_OF_CELL_DEATH	1471	0.397476970240115	1.71259298804497	2.22044604925031e-16	0	0
GO_REGULATION_OF_CELL_DEVELOPMENT	835	0.352347692219085	1.45874661752379	0	2.22044604925031e-16	7.81914215914575e-15
GO_REGULATION_OF_CELL_DIFFERENTIATION	1491	0.37360214372549	1.61110867808628	0	0	0
GO_REGULATION_OF_CELL_GROWTH	390	0.429160975909371	1.69415623651016	0	0	0
GO_REGULATION_OF_CELL_MATRIX_ADHESION	89	0.482473557413704	1.59702603095859	0.00437608223692387	0.00437776574742055	0.0419796969606619
GO_REGULATION_OF_CELL_MORPHOGENESIS	551	0.387822506171561	1.57355338592182	4.44089209850063e-16	4.44089209850063e-16	1.52746032876336e-14
GO_REGULATION_OF_CELL_MORPHOGENESIS_INVOLVED_IN_DIFFERENTIATION	336	0.39469875145147	1.51369758062169	0.00148419647732445	0.00148152360359988	0.0184519866082039
GO_REGULATION_OF_CELL_PROJECTION_ORGANIZATION	557	0.354076548268134	1.44147897682903	3.74660662756376e-05	3.74000371441419e-05	0.000654419892800084
GO_REGULATION_OF_CELL_PROLIFERATION	1495	0.435968246486712	1.87919527951473	2.22044604925031e-16	2.22044604925031e-16	7.81914215914575e-15
GO_REGULATION_OF_CELL_PROLIFERATION_INVOLVED_IN_KIDNEY_DEVELOPMENT	12	0.869860857213833	1.80199336988754	0.000804515350351864	0.000804160151408939	0.0111414788190522
GO_REGULATION_OF_CELLULAR_AMIDE_METABOLIC_PROCESS	353	0.353413509344514	1.36923258633914	0.00531929237582029	0.00532090518116535	0.048577893598417
GO_REGULATION_OF_CELLULAR_COMPONENT_BIOGENESIS	766	0.321816642020789	1.33903108386077	0.000596566465967285	0.000596431093739747	0.00852291389025203
GO_REGULATION_OF_CELLULAR_COMPONENT_MOVEMENT	770	0.425930582932369	1.75377751795022	2.22044604925031e-16	0	0
GO_REGULATION_OF_CELLULAR_LOCALIZATION	1276	0.309608549498066	1.32062526511213	0.00109470250095656	0.00108988256381015	0.0145876589309974
GO_REGULATION_OF_CELLULAR_RESPONSE_TO_GROWTH_FACTOR_STIMULUS	228	0.44735202752239	1.65340122296631	3.04765092051795e-08	3.0327107714001e-08	7.17660676944121e-07
GO_REGULATION_OF_CELLULAR_RESPONSE_TO_STRESS	690	0.358251739014725	1.49010480112921	3.38373773445255e-12	3.31623617455534e-12	9.90851172155021e-11
GO_REGULATION_OF_CHEMOTAXIS	179	0.547207765455239	1.94282656493954	0	0	0
GO_REGULATION_OF_CYTOKINE_BIOSYNTHETIC_PROCESS	93	0.523382118113992	1.73467201255427	3.20670028453041e-06	3.20113839369363e-06	6.35501165674211e-05
GO_REGULATION_OF_CYTOKINE_PRODUCTION	562	0.392276976578798	1.57216949664426	8.8810647724813e-10	8.78805694881635e-10	2.28026951356129e-08
GO_REGULATION_OF_DEFENSE_RESPONSE	758	0.34771898976977	1.44299707906682	3.68542795836646e-07	3.66273372742754e-07	7.90829661732164e-06
GO_REGULATION_OF_DNA_BINDING	92	0.578494212674293	1.88626405797317	1.37006252787231e-07	1.36666424732645e-07	3.05101346686162e-06
GO_REGULATION_OF_DNA_TEMPLATED_TRANSCRIPTION_IN_RESPONSE_TO_STRESS	66	0.577512928160484	1.81837112560672	0.000722943727846426	0.000722855016971669	0.0102306466038383
GO_REGULATION_OF_ENDOCRINE_PROCESS	47	0.646279446078132	1.87185471762623	0.00198111826857372	0.00198329497271854	0.0226509132405461
GO_REGULATION_OF_ENDOTHELIAL_CELL_PROLIFERATION	97	0.543146471155949	1.77713556376804	0.00130093513402951	0.00130143783684655	0.0167347878558783
GO_REGULATION_OF_EPIDERMIS_DEVELOPMENT	62	0.620284152711628	1.87517677048745	1.15537850963188e-05	1.15379772360757e-05	0.000218078828525956
GO_REGULATION_OF_EPITHELIAL_CELL_PROLIFERATION	284	0.462542261732933	1.73818368100089	4.66293670342566e-15	4.66293670342566e-15	1.58539847916472e-13
GO_REGULATION_OF_ERK1_AND_ERK2_CASCADE	237	0.509110354170028	1.86268120140328	2.74669176292264e-13	2.71560551823313e-13	8.54549055631235e-12
GO_REGULATION_OF_EXTRINSIC_APOPTOTIC_SIGNALING_PATHWAY	152	0.54643271638811	1.94089393957078	2.01683114653406e-12	1.99540384215879e-12	6.05374827190329e-11
GO_REGULATION_OF_EXTRINSIC_APOPTOTIC_SIGNALING_PATHWAY_VIA_DEATH_DOMAIN_RECEPTORS	54	0.591555191351314	1.75475203296562	0.00452984343686869	0.00452917209140824	0.0431474751896476
GO_REGULATION_OF_FAT_CELL_DIFFERENTIATION	105	0.532378740158288	1.76433729700508	0.0020233066575428	0.00202390330006952	0.0229815967815955
GO_REGULATION_OF_GLIAL_CELL_DIFFERENTIATION	58	0.562260239827231	1.69780822715244	0.00150775557325589	0.00150827826312527	0.0186357273515352
GO_REGULATION_OF_GLIOGENESIS	89	0.563509794860745	1.83777451900493	0.000239776775697642	0.000239557956143943	0.00379953047867981
GO_REGULATION_OF_GLOMERULUS_DEVELOPMENT	13	0.858298858147944	1.81317454605344	0.00224006603201954	0.00223962158818602	0.0247194054397547
GO_REGULATION_OF_GROWTH	632	0.405321573946511	1.66404790931037	0	0	0
GO_REGULATION_OF_GTPASE_ACTIVITY	672	0.370458114360606	1.52681752263062	1.16985286680027e-07	1.16157210294787e-07	2.61287473803787e-06
GO_REGULATION_OF_HEMOPOIESIS	313	0.469254112632251	1.79721638495079	0	0	0
GO_REGULATION_OF_HOMOTYPIC_CELL_CELL_ADHESION	306	0.404733961441181	1.5437434309368	0.000575848877127805	0.000575510344177466	0.00826388154406283
GO_REGULATION_OF_HORMONE_LEVELS	477	0.379428325506232	1.51074449664109	0.00079705947016695	0.00079689329412258	0.0110667153240122
GO_REGULATION_OF_HUMORAL_IMMUNE_RESPONSE	51	0.752793706973387	2.09072106606573	2.3021881512264e-08	2.29449145239258e-08	5.47347235175584e-07
GO_REGULATION_OF_HYDROLASE_ACTIVITY	1326	0.347478469394678	1.49420228974637	2.22044604925031e-16	0	0
GO_REGULATION_OF_IMMUNE_SYSTEM_PROCESS	1402	0.369377819851941	1.59015088393251	0	0	0
GO_REGULATION_OF_INFLAMMATORY_RESPONSE	293	0.502828063476455	1.90670803870103	0	0	0
GO_REGULATION_OF_INSULIN_RECEPTOR_SIGNALING_PATHWAY	42	0.575407280236678	1.70093676334919	0.00496838031809987	0.00496623717654354	0.0461953760006786
GO_REGULATION_OF_INTRACELLULAR_SIGNAL_TRANSDUCTION	1655	0.368557117330685	1.59454558633299	2.22044604925031e-16	2.22044604925031e-16	7.81914215914575e-15
GO_REGULATION_OF_INTRACELLULAR_TRANSPORT	620	0.341309325847492	1.39021858711531	3.30606652165777e-06	3.2937865285243e-06	6.51707060292634e-05
GO_REGULATION_OF_KINASE_ACTIVITY	775	0.398425598251547	1.66232679439283	0	0	0
GO_REGULATION_OF_LEUKOCYTE_CHEMOTAXIS	95	0.601336836106188	1.9496357702346	6.32183176141332e-07	6.3062147981352e-07	1.29991521762257e-05
GO_REGULATION_OF_LEUKOCYTE_DIFFERENTIATION	231	0.47632237538204	1.76058484982557	7.7715611723761e-15	7.32747196252603e-15	2.44911435764429e-13
GO_REGULATION_OF_LEUKOCYTE_MEDIATED_IMMUNITY	155	0.449324133635153	1.58025084468362	0.00286399493280876	0.00286412512672896	0.0304751155570657
GO_REGULATION_OF_LEUKOCYTE_MIGRATION	148	0.583168817285806	2.036855819135	2.22044604925031e-16	0	0
GO_REGULATION_OF_LEUKOCYTE_PROLIFERATION	205	0.464764759895116	1.70609067194315	2.60192294376793e-08	2.58816854614707e-08	6.1492390036169e-07
GO_REGULATION_OF_LYMPHOCYTE_DIFFERENTIATION	131	0.495615809041809	1.71157181089538	1.85069577799402e-05	1.84805486165285e-05	0.000342730174342892
GO_REGULATION_OF_LYMPHOCYTE_MEDIATED_IMMUNITY	113	0.495950662712618	1.64728550921588	0.00511775917706814	0.00511768622351738	0.0470858968869811
GO_REGULATION_OF_MAPK_CASCADE	659	0.437700180619634	1.80053747062643	0	0	0
GO_REGULATION_OF_MAP_KINASE_ACTIVITY	318	0.459507997519895	1.79307423131345	0	0	0
GO_REGULATION_OF_MAST_CELL_ACTIVATION	38	0.621366349932451	1.73288481732919	0.00377984606529858	0.00377949980104764	0.0380123979578393
GO_REGULATION_OF_MITOTIC_CELL_CYCLE	467	0.343194336455107	1.38581775379528	0.000268464328294971	0.000268183523892795	0.00424217574157695
GO_REGULATION_OF_MRNA_METABOLIC_PROCESS	117	0.449372977000446	1.56128730836875	0.00312365385767877	0.00312214229410956	0.03280744904432
GO_REGULATION_OF_MULTICELLULAR_ORGANISMAL_DEVELOPMENT	1671	0.373217110759772	1.61338459926498	0	0	0
GO_REGULATION_OF_MUSCLE_CELL_DIFFERENTIATION	151	0.485470450489033	1.70439253395383	7.74559755715165e-05	7.73952202312023e-05	0.00129836463282565
GO_REGULATION_OF_MYELOID_CELL_DIFFERENTIATION	182	0.456390490763145	1.65141222708447	0.00200970897868491	0.00200699350333522	0.0228774057143182
GO_REGULATION_OF_MYELOID_LEUKOCYTE_DIFFERENTIATION	107	0.523497903692637	1.73533683604877	0.00163663599416963	0.00163614407991142	0.0199165192937365
GO_REGULATION_OF_NERVOUS_SYSTEM_DEVELOPMENT	749	0.3406707534065	1.40331786231017	0.00167057165934881	0.00167457138340743	0.0203007465250786
GO_REGULATION_OF_NEURAL_PRECURSOR_CELL_PROLIFERATION	72	0.544492338068241	1.70738640383343	0.00170741194575275	0.00170754875651435	0.0204905850781723
GO_REGULATION_OF_NEURON_APOPTOTIC_PROCESS	191	0.520436150991437	1.90527273106062	2.22044604925031e-16	4.44089209850063e-16	1.52746032876336e-14
GO_REGULATION_OF_NEURON_DEATH	251	0.425598898270878	1.58302966915448	0.000427445395248194	0.000427327880628048	0.00640018162479881
GO_REGULATION_OF_NEURON_DIFFERENTIATION	553	0.378516678803884	1.53506278663026	1.29265719239768e-08	1.28163469836906e-08	3.12022669775776e-07
GO_REGULATION_OF_NEURON_PROJECTION_DEVELOPMENT	407	0.361794225021813	1.43743058152167	2.49051491539865e-05	2.4451892673083e-05	0.000441028649554753
GO_REGULATION_OF_NEUROTRANSMITTER_RECEPTOR_ACTIVITY	29	0.686462785064124	1.81064441457448	0.00144909380958813	0.00144959793885258	0.0182375629854988
GO_REGULATION_OF_NEUTROPHIL_MIGRATION	31	0.726807459437849	1.90241594697221	0.00128677664165877	0.00128630943697516	0.0166516556436435
GO_REGULATION_OF_NITRIC_OXIDE_BIOSYNTHETIC_PROCESS	52	0.663360862463904	1.92215756264247	2.30837980094156e-05	2.30577048031533e-05	0.000419721174201399
GO_REGULATION_OF_ORGANELLE_ORGANIZATION	1177	0.297750523415549	1.26738614700277	0.00403868556761178	0.00403896995644193	0.0396919373128081
GO_REGULATION_OF_OSSIFICATION	177	0.490416757515975	1.74134237948729	1.08795861208932e-10	1.08042130797514e-10	2.91861756072189e-09
GO_REGULATION_OF_PEPTIDYL_TYROSINE_PHOSPHORYLATION	212	0.459536592670838	1.6826236424004	0.000117966025139471	0.000117868506917085	0.00192096442678092
GO_REGULATION_OF_PHAGOCYTOSIS	67	0.557947866129275	1.72624939070612	0.00313046432770103	0.00313043339335772	0.032836248147348
GO_REGULATION_OF_PHOSPHORUS_METABOLIC_PROCESS	1617	0.370623347971245	1.59941803785776	0	0	0
GO_REGULATION_OF_PRODUCTION_OF_MOLECULAR_MEDIATOR_OF_IMMUNE_RESPONSE	100	0.525514040321573	1.70627076640748	0.000637432302045826	0.000637282490394853	0.00908473063415891
GO_REGULATION_OF_PROTEIN_COMPLEX_ASSEMBLY	374	0.377434803934409	1.47525550234411	0.0017638384198182	0.00176326963808415	0.0207613763654033
GO_REGULATION_OF_PROTEIN_KINASE_B_SIGNALING	120	0.532183350184327	1.82281252656402	0.000356906998148721	0.000356813229433817	0.00544048212714036
GO_REGULATION_OF_PROTEIN_LOCALIZATION	949	0.309854684115675	1.30416812619235	0.00204410440154468	0.00204093874828903	0.0231306391472757
GO_REGULATION_OF_PROTEIN_LOCALIZATION_TO_NUCLEUS	217	0.398727018469846	1.48935059044516	0.00550815442826447	0.00550611351364139	0.049852141466958
GO_REGULATION_OF_PROTEIN_MODIFICATION_PROCESS	1709	0.370238913357735	1.60583041982059	0	0	0
GO_REGULATION_OF_PROTEIN_SERINE_THREONINE_KINASE_ACTIVITY	469	0.449328352890557	1.79781370475802	0	2.22044604925031e-16	7.81914215914575e-15
GO_REGULATION_OF_PROTEOLYSIS	710	0.33732567187377	1.39071188453189	0.00251029589260687	0.00250984240461627	0.0271448403395061
GO_REGULATION_OF_REACTIVE_OXYGEN_SPECIES_BIOSYNTHETIC_PROCESS	64	0.584391966910038	1.81631145412698	0.00215903322974598	0.00215986031105064	0.0242002530306356
GO_REGULATION_OF_REACTIVE_OXYGEN_SPECIES_METABOLIC_PROCESS	151	0.484297955197068	1.70810595161183	3.76543631191995e-05	3.76103386666715e-05	0.000654419892800084
GO_REGULATION_OF_RECEPTOR_ACTIVITY	116	0.528992056679186	1.81165736891473	5.97439177241199e-07	5.95780102585763e-07	1.23671406557803e-05
GO_REGULATION_OF_RESPONSE_TO_EXTERNAL_STIMULUS	925	0.366281389025251	1.53678007765234	0	0	0
GO_REGULATION_OF_RESPONSE_TO_STRESS	1467	0.343485524815954	1.47488118880728	2.22044604925031e-16	0	0
GO_REGULATION_OF_RESPONSE_TO_WOUNDING	412	0.484126452687568	1.89713599818521	0	0	0
GO_REGULATION_OF_SEQUENCE_SPECIFIC_DNA_BINDING_TRANSCRIPTION_FACTOR_ACTIVITY	364	0.400368846957646	1.56401653819018	3.27838924319979e-05	3.2730175523521e-05	0.000577246487264502
GO_REGULATION_OF_SMOOTH_MUSCLE_CELL_PROLIFERATION	99	0.600317751295457	1.98523798275475	1.61156084244052e-06	1.60782436431361e-06	3.24637847756974e-05
GO_REGULATION_OF_SYSTEM_PROCESS	506	0.450056126006917	1.78476503875736	0	0	0
GO_REGULATION_OF_T_CELL_DIFFERENTIATION	106	0.503202178262304	1.64463463616046	6.8822953517178e-05	6.87342586874751e-05	0.00116180535541458
GO_REGULATION_OF_THYMOCYTE_AGGREGATION	25	0.779395571924918	1.9699023066662	0.00186108097022752	0.00185945733824167	0.0216080206649252
GO_REGULATION_OF_TRANSCRIPTION_FROM_RNA_POLYMERASE_II_PROMOTER	1783	0.367675251437814	1.60029349672466	0	0	0
GO_REGULATION_OF_TRANSCRIPTION_FROM_RNA_POLYMERASE_II_PROMOTER_IN_RESPONSE_TO_HYPOXIA	31	0.616265956636237	1.68089226029923	0.00391016438844405	0.00390957655172652	0.0386773492976825
GO_REGULATION_OF_TRANSCRIPTION_REGULATORY_REGION_DNA_BINDING	35	0.682910098455073	1.88281896695808	0.000451629390384789	0.000451544549683436	0.00667834388981802
GO_REGULATION_OF_TRANSFERASE_ACTIVITY	945	0.364961977828012	1.5311249789095	0	0	0
GO_REGULATION_OF_TRANSLATIONAL_INITIATION	81	0.498283610433897	1.62468994675608	0.00511268300311107	0.00511225722594499	0.0470858968869811
GO_REGULATION_OF_TRANSPORT	1803	0.306503490603128	1.33312017683546	1.05721675858206e-09	1.03326192046893e-09	2.65772935717139e-08
GO_REGULATION_OF_TYROSINE_PHOSPHORYLATION_OF_STAT3_PROTEIN	43	0.590330709719474	1.69229360133875	0.0040714643183658	0.00407127372596527	0.0399430437194205
GO_REGULATION_OF_TYROSINE_PHOSPHORYLATION_OF_STAT_PROTEIN	67	0.544583870993408	1.66995738027715	0.00435283040960377	0.00435322366903523	0.0419440899446457
GO_REGULATION_OF_VASCULATURE_DEVELOPMENT	232	0.556086058620736	2.10267975071557	0	0	0
GO_REGULATION_OF_VASCULOGENESIS	12	0.857880667232055	1.88629091274263	0.00099923372046784	0.000999013352113054	0.0134321886161382
GO_REGULATION_OF_VASOCONSTRICTION	65	0.579905780016927	1.76630641434128	0.00173067241434655	0.00173041660684958	0.0206611927652766
GO_REGULATION_OF_VESICLE_MEDIATED_TRANSPORT	461	0.334754809586898	1.35005596029256	0.00527641381625377	0.00527954509558981	0.0482747894675569
GO_REGULATION_OF_WOUND_HEALING	125	0.490506814226738	1.68380070633931	5.12407640973489e-05	5.11738728091737e-05	0.00087246291509819
GO_REGULATORY_REGION_NUCLEIC_ACID_BINDING	817	0.373073663735534	1.55697132566304	2.22044604925031e-16	0	0
GO_RELEASE_OF_CYTOCHROME_C_FROM_MITOCHONDRIA	21	0.7149536382302	1.81477246589824	0.00129026444146074	0.00128989351652187	0.0166615939819724
GO_REPRODUCTION	1296	0.34302701300394	1.46310132147893	0	0	0
GO_REPRODUCTIVE_SYSTEM_DEVELOPMENT	407	0.451936092174757	1.77952059036402	0	0	0
GO_RESPIRATORY_SYSTEM_DEVELOPMENT	196	0.479698421947053	1.77255610852361	2.91162463028627e-07	2.89795870633824e-07	6.32631871095832e-06
GO_RESPONSE_TO_ABIOTIC_STIMULUS	1023	0.399891149822714	1.68753864204115	0	0	0
GO_RESPONSE_TO_ACID_CHEMICAL	318	0.410377922007696	1.58335439326037	6.87112611252871e-09	6.82960454856385e-09	1.71931661741718e-07
GO_RESPONSE_TO_ALCOHOL	361	0.485366517042819	1.89945826881717	0	0	0
GO_RESPONSE_TO_ALKALOID	136	0.470787874779995	1.60578877405886	0.00360803432208368	0.00360810631691988	0.0373174072917797
GO_RESPONSE_TO_ARSENIC_CONTAINING_SUBSTANCE	28	0.676620272981159	1.7813215978657	0.00369482549057198	0.00369381510173294	0.0376346594902397
GO_RESPONSE_TO_ATP	29	0.699355712602552	1.84946446347604	0.00221176176976945	0.00221190088749079	0.0245250080781597
GO_RESPONSE_TO_BACTERIUM	527	0.423516720214324	1.69332092283279	0	0	0
GO_RESPONSE_TO_BIOTIC_STIMULUS	885	0.338562705775472	1.39782526470355	0.000345251554127346	0.000345027894688932	0.00530177928566161
GO_RESPONSE_TO_CORTICOSTEROID	175	0.599676107210847	2.1537854540028	0	2.22044604925031e-16	7.81914215914575e-15
GO_RESPONSE_TO_CORTICOSTERONE	25	0.781873654835707	2.00578636059918	0.000464667658036544	0.000464567655318437	0.00681980706914113
GO_RESPONSE_TO_CYTOKINE	713	0.400355888506857	1.65619970825915	0	0	0
GO_RESPONSE_TO_DRUG	430	0.39767373749891	1.5663432750846	3.39371894253482e-07	3.37529625693556e-07	7.34126935883483e-06
GO_RESPONSE_TO_ENDOGENOUS_STIMULUS	1449	0.398802367574503	1.72114900850217	0	0	0
GO_RESPONSE_TO_ESTRADIOL	145	0.515218659248998	1.81812779207489	3.21757955309421e-05	3.27309042164048e-05	0.000577246487264502
GO_RESPONSE_TO_ESTROGEN	217	0.476471327150135	1.74820748037392	7.92754750733593e-12	7.85616016685253e-12	2.27828644838723e-10
GO_RESPONSE_TO_EXTERNAL_STIMULUS	1820	0.387151207683306	1.67825898049128	0	0	0
GO_RESPONSE_TO_EXTRACELLULAR_STIMULUS	440	0.492742643880972	1.94245081549326	0	2.22044604925031e-16	7.81914215914575e-15
GO_RESPONSE_TO_GROWTH_FACTOR	474	0.36107930416131	1.44295675270461	0.00150927811082524	0.00151090666386644	0.0186357273515352
GO_RESPONSE_TO_HEAT	88	0.605962925638805	1.94321755135237	1.13654138211849e-07	1.13295295700588e-07	2.558225073911e-06
GO_RESPONSE_TO_HORMONE	892	0.437958925759219	1.83406827689862	0	0	0
GO_RESPONSE_TO_HYDROGEN_PEROXIDE	108	0.614590466119877	2.09852071233903	0	0	0
GO_RESPONSE_TO_IMMOBILIZATION_STRESS	21	0.79825821663419	1.86023068506922	0.0012159675955139	0.0012159743891782	0.0159505642713486
GO_RESPONSE_TO_INORGANIC_SUBSTANCE	478	0.426397834661685	1.70450833570945	0	0	0
GO_RESPONSE_TO_INSULIN	204	0.455631287752065	1.68504449746848	0.00245718636148229	0.00245833328813216	0.0267836090839593
GO_RESPONSE_TO_INTERFERON_GAMMA	143	0.452697807131527	1.5792089030799	0.00364067089695375	0.00363796585997522	0.0373673975429877
GO_RESPONSE_TO_INTERLEUKIN_1	114	0.623331778968973	2.08431181208586	0	0	0
GO_RESPONSE_TO_KETONE	181	0.516907438441892	1.87258881167342	8.78972970036473e-05	8.78021263793771e-05	0.001459093763091
GO_RESPONSE_TO_LIGHT_STIMULUS	279	0.415416179061452	1.56743765897416	0.000416482164654064	0.000416248520039075	0.00625006661053596
GO_RESPONSE_TO_LIPID	887	0.439126701701587	1.83324853944443	2.22044604925031e-16	0	0
GO_RESPONSE_TO_MECHANICAL_STIMULUS	209	0.438491780161525	1.61761380291574	7.56031198756446e-07	7.54105324962673e-07	1.54369795933535e-05
GO_RESPONSE_TO_MINERALOCORTICOID	34	0.726311239341454	1.8998574551122	3.48705302233299e-06	3.48208231881753e-06	6.843853487749e-05
GO_RESPONSE_TO_MOLECULE_OF_BACTERIAL_ORIGIN	320	0.474961305970324	1.84306527314685	0	0	0
GO_RESPONSE_TO_NITROGEN_COMPOUND	858	0.411411179675801	1.71019041247393	2.22044604925031e-16	0	0
GO_RESPONSE_TO_NUTRIENT	190	0.409660208181055	1.48517332106209	0.00288207788120853	0.00288132164859056	0.0306030500414035
GO_RESPONSE_TO_ORGANIC_CYCLIC_COMPOUND	916	0.463055174331812	1.93764406153774	0	0	0
GO_RESPONSE_TO_ORGANOPHOSPHORUS	138	0.489148843183681	1.71380820458931	0.00218237272884758	0.00218184673217758	0.0243543495614388
GO_RESPONSE_TO_OXIDATIVE_STRESS	351	0.465269508461116	1.80697096941067	0	0	0
GO_RESPONSE_TO_OXYGEN_CONTAINING_COMPOUND	1380	0.415485990293884	1.78093590690525	2.22044604925031e-16	0	0
GO_RESPONSE_TO_OXYGEN_LEVELS	310	0.457928543125472	1.76424850025818	4.9689252712426e-11	4.91197083007933e-11	1.35790745003501e-09
GO_RESPONSE_TO_PEPTIDE	403	0.455069856866384	1.78443574163621	0	0	0
GO_RESPONSE_TO_PROGESTERONE	49	0.60296814927964	1.76857342605162	0.00149307606346072	0.00149293086820768	0.0185549979334383
GO_RESPONSE_TO_PURINE_CONTAINING_COMPOUND	157	0.495175273157876	1.74601874683659	5.87097804816139e-08	5.84843385942335e-08	1.36217853198223e-06
GO_RESPONSE_TO_RADIATION	412	0.408804946002591	1.60860695385474	2.22044604925031e-15	2.44249065417534e-15	8.35247093069441e-14
GO_RESPONSE_TO_REACTIVE_OXYGEN_SPECIES	190	0.53661055197768	1.95048376022137	1.17272858091155e-12	1.15740750317173e-12	3.54778382837509e-11
GO_RESPONSE_TO_STARVATION	153	0.554785263441808	1.96300011441517	0	0	0
GO_RESPONSE_TO_STEROID_HORMONE	496	0.484698310391726	1.93799393753577	0	0	0
GO_RESPONSE_TO_STEROL	23	0.752378128843029	1.8934426856479	0.000534056458110665	0.000533858278735755	0.00775996456265535
GO_RESPONSE_TO_TEMPERATURE_STIMULUS	147	0.573669948918976	2.020945373031	3.3189862191918e-08	3.30222762467969e-08	7.78325841737252e-07
GO_RESPONSE_TO_TOXIC_SUBSTANCE	240	0.424347916018079	1.57659188064866	0.00375497734002828	0.00375723300709252	0.0378667640033379
GO_RESPONSE_TO_TUMOR_NECROSIS_FACTOR	232	0.526017730944854	1.92170897011116	0	0	0
GO_RESPONSE_TO_VITAMIN	97	0.516850732313993	1.70756973594012	0.000537213686012894	0.000537079329061552	0.0077876502713925
GO_RESPONSE_TO_WOUNDING	562	0.411333874892908	1.66014966359103	0	0	0
GO_RETINA_DEVELOPMENT_IN_CAMERA_TYPE_EYE	130	0.477955145099226	1.62612600469005	0.00369798474804772	0.00369706179732854	0.0376346594902397
GO_RETINOIC_ACID_BINDING	22	0.857639145568293	1.82540234487836	0.00143524187098543	0.00143481845624938	0.0181375768956652
GO_RHYTHMIC_BEHAVIOR	18	0.746425164124916	1.73143006282238	0.00424369854137963	0.00424244964681975	0.0412123679976775
GO_RHYTHMIC_PROCESS	297	0.481025634051014	1.82090943803132	6.03594951797959e-12	5.96178661993463e-12	1.73743495780952e-10
GO_RIBONUCLEOPROTEIN_COMPLEX_BIOGENESIS	439	0.358976469178838	1.43867115256755	0.00202322998977156	0.00202202978814026	0.0229815967815955
GO_RIBOSOME_BIOGENESIS	307	0.368436374508273	1.41508872965229	0.00357495900742888	0.00357468474053435	0.0371014647807039
GO_RNA_BINDING	1597	0.287152237170018	1.242983723316	0.00309010529453702	0.0030831692133888	0.0324555677338224
GO_RNA_POLYMERASE_II_ACTIVATING_TRANSCRIPTION_FACTOR_BINDING	35	0.66863597690975	1.84511766913142	0.0022177401182859	0.0022178633065949	0.0245250080781597
GO_RNA_POLYMERASE_II_TRANSCRIPTION_FACTOR_ACTIVITY_SEQUENCE_SPECIFIC_DNA_BINDING	628	0.448957263079104	1.83283347984477	0	0	0
GO_RNA_POLYMERASE_II_TRANSCRIPTION_FACTOR_BINDING	103	0.522891998353189	1.75306613756995	2.5318079395209e-06	2.52647050347221e-06	5.04952685761541e-05
GO_RNA_SPLICING	366	0.35982436643682	1.41526094733053	0.00340591000589952	0.00340573253224119	0.0355349447279345
GO_RNA_SPLICING_VIA_TRANSESTERIFICATION_REACTIONS	266	0.381361982182311	1.4563453278959	0.00517709142737699	0.00517645520260201	0.0475526536934682
GO_RRNA_METABOLIC_PROCESS	254	0.399433566491391	1.51926412923921	0.00031551108504535	0.000315313864559852	0.00490893900720022
GO_SCHWANN_CELL_DIFFERENTIATION	30	0.695545960915164	1.85343042702912	0.0012003140800273	0.00120015417345587	0.0158484644869753
GO_SECOND_MESSENGER_MEDIATED_SIGNALING	159	0.472137867282686	1.66372515665929	0.00175735476786243	0.00175751718468842	0.0207534364563207
GO_SECRETION	587	0.33823624557548	1.36703785132466	0.00253854584358926	0.00253794200255686	0.0273986585531503
GO_SENSORY_ORGAN_DEVELOPMENT	492	0.425070397596329	1.69644009595445	2.22044604925031e-16	0	0
GO_SENSORY_ORGAN_MORPHOGENESIS	238	0.412396562439629	1.53542938205779	0.00210704527803984	0.00210706067959521	0.0237435637723529
GO_SENSORY_PERCEPTION_OF_CHEMICAL_STIMULUS	523	-0.368200538713118	-1.43006379890209	0.0011826838154172	0.00118239304832557	0.0156488529617317
GO_SEQUENCE_SPECIFIC_DNA_BINDING	1036	0.342621863890438	1.4372952304532	9.48529821354072e-09	9.39305444536132e-09	2.30578050202313e-07
GO_SIDE_OF_MEMBRANE	427	0.394345508496394	1.5415648180922	8.93746365804304e-09	8.88905882234781e-09	2.19115299970873e-07
GO_SIGNAL_TRANSDUCTION_BY_PROTEIN_PHOSPHORYLATION	403	0.400524482232873	1.58654909256009	4.5952930349813e-10	4.54704052188504e-10	1.19556852122097e-08
GO_SIGNAL_TRANSDUCTION_IN_ABSENCE_OF_LIGAND	32	0.689972077064045	1.82540352310632	0.00151487359025881	0.00151513847696205	0.0186357273515352
GO_SINGLE_ORGANISM_BEHAVIOR	383	0.413126134073256	1.61698616061946	9.0374374650537e-12	8.93429774606602e-12	2.57830758369398e-10
GO_SINGLE_ORGANISM_CELL_ADHESION	458	0.356375837510858	1.42363399680977	0.00270016325870248	0.00269686528253499	0.028903360528038
GO_SKELETAL_MUSCLE_CELL_DIFFERENTIATION	52	0.649424331793432	1.88683693093558	9.98845832150819e-05	9.9815635012046e-05	0.00164946730930521
GO_SKELETAL_MUSCLE_ORGAN_DEVELOPMENT	136	0.526143577959477	1.80922389524656	0.000794219073761426	0.000794185152197757	0.0110667153240122
GO_SMALL_GTPASE_MEDIATED_SIGNAL_TRANSDUCTION	351	0.384106029945799	1.49695749770318	0.000346745282772343	0.000346489490760327	0.00531044514854428
GO_SMOOTH_MUSCLE_CELL_DIFFERENTIATION	29	0.670804365765644	1.7922343564249	0.00418193036584191	0.0041815267458043	0.040687355638451
GO_SPONGIOTROPHOBLAST_LAYER_DEVELOPMENT	12	0.843543353881323	1.7700071415483	0.00296420997901303	0.00296366974820916	0.0313090539828668
GO_SPROUTING_ANGIOGENESIS	44	0.594629388370286	1.74467484346313	0.0049460372416934	0.00494606672720055	0.0461631106287839
GO_STAT_CASCADE	49	0.61530834295496	1.79185776744986	0.000564470484788471	0.000564152476306035	0.00812050133777737
GO_STEM_CELL_DIFFERENTIATION	189	0.455116389528876	1.65668271170715	0.00183644399236982	0.00183751512676877	0.0213990934841812
GO_STEROID_BIOSYNTHETIC_PROCESS	113	0.52993480443928	1.78769396107932	0.000155042764105606	0.000155137893408153	0.00251450897918529
GO_STEROID_HORMONE_MEDIATED_SIGNALING_PATHWAY	124	0.512216803860783	1.75649563396234	3.06393979748742e-05	3.05348687741347e-05	0.000544109288155966
GO_STEROID_METABOLIC_PROCESS	236	0.430572426924895	1.60845035115704	1.32672495967157e-06	1.32304329336641e-06	2.68973337579233e-05
GO_STEROL_BIOSYNTHETIC_PROCESS	42	0.673264502939696	1.88901585008947	0.00028064579179321	0.000280499796332934	0.00442516478694836
GO_SYSTEM_PROCESS	1784	0.324142876317332	1.38889310109588	5.07949238226502e-12	4.94615459700753e-12	1.47042465306013e-10
GO_TAXIS	463	0.473794849432974	1.87334465645594	0	0	0
GO_T_CELL_DIFFERENTIATION	122	0.502813767424991	1.72275338479053	0.0043590830335567	0.00436096708336309	0.0419503760409366
GO_TELENCEPHALON_DEVELOPMENT	227	0.487779250846231	1.81721292046221	0.00122350643021341	0.00122624910214497	0.0160143260227145
GO_TISSUE_DEVELOPMENT	1517	0.411191066134974	1.76768070093475	0	0	0
GO_TISSUE_MORPHOGENESIS	532	0.443897958037363	1.79625115269996	0	0	0
GO_TRANSCRIPTIONAL_ACTIVATOR_ACTIVITY_RNA_POLYMERASE_II_CORE_PROMOTER_PROXIMAL_REGION_SEQUENCE_SPECIFIC_BINDING	225	0.461463227690182	1.71924780669117	1.39167898316472e-08	1.38426848872442e-08	3.32899690215189e-07
GO_TRANSCRIPTIONAL_ACTIVATOR_ACTIVITY_RNA_POLYMERASE_II_TRANSCRIPTION_REGULATORY_REGION_SEQUENCE_SPECIFIC_BINDING	314	0.459299781294289	1.77547420459056	0	0	0
GO_TRANSCRIPTIONAL_REPRESSOR_ACTIVITY_RNA_POLYMERASE_II_CORE_PROMOTER_PROXIMAL_REGION_SEQUENCE_SPECIFIC_BINDING	104	0.550036671017904	1.85038424053807	5.83479733520242e-05	5.82735680377811e-05	0.000987812116078833
GO_TRANSCRIPTIONAL_REPRESSOR_ACTIVITY_RNA_POLYMERASE_II_TRANSCRIPTION_REGULATORY_REGION_SEQUENCE_SPECIFIC_BINDING	167	0.538833472352784	1.95024281308584	0	0	0
GO_TRANSCRIPTION_COREPRESSOR_ACTIVITY	220	0.443910204916139	1.65137762429413	7.80779454490066e-05	7.74717233582578e-05	0.00129836463282565
GO_TRANSCRIPTION_FACTOR_ACTIVITY_DIRECT_LIGAND_REGULATED_SEQUENCE_SPECIFIC_DNA_BINDING	47	0.617107036792336	1.77476737621424	0.000516562675363597	0.000516317817522149	0.00752348819817989
GO_TRANSCRIPTION_FACTOR_ACTIVITY_PROTEIN_BINDING	587	0.381965989151857	1.56249018614408	0	0	0
GO_TRANSCRIPTION_FACTOR_ACTIVITY_RNA_POLYMERASE_II_CORE_PROMOTER_PROXIMAL_REGION_SEQUENCE_SPECIFIC_BINDING	327	0.473235238563843	1.83402270239143	2.22044604925031e-16	0	0
GO_TRANSCRIPTION_FACTOR_BINDING	523	0.439498651803289	1.7819805750424	0	0	0
GO_TRANSCRIPTION_FROM_RNA_POLYMERASE_II_PROMOTER	723	0.40926252061744	1.68239778039964	0	0	0
GO_TRANSCRIPTION_INITIATION_FROM_RNA_POLYMERASE_II_PROMOTER	152	0.422946705204175	1.49479130638267	0.00363400946121895	0.00363257615557033	0.0373673975429877
GO_TRANSLATIONAL_INITIATION	145	0.490675108957377	1.77905186380066	6.53810339201755e-13	6.46593889541691e-13	2.01328918448876e-11
GO_TRANSMEMBRANE_RECEPTOR_PROTEIN_SERINE_THREONINE_KINASE_SIGNALING_PATHWAY	189	0.433684186617492	1.57435706935655	0.00255340797558046	0.00255407099050908	0.0274725163270032
GO_TRANSMEMBRANE_RECEPTOR_PROTEIN_TYROSINE_KINASE_SIGNALING_PATHWAY	497	0.346861649285732	1.40404743213714	0.000561718584991433	0.000561574031379131	0.00810310236497302
GO_TROPHOBLAST_GIANT_CELL_DIFFERENTIATION	11	0.902202160536143	1.9181054729319	0.000553238977146098	0.000553156004197253	0.00800115139567469
GO_TUBE_DEVELOPMENT	551	0.442940802438042	1.79420668726685	0	0	0
GO_TUBE_MORPHOGENESIS	322	0.440279644828721	1.6832009065369	4.70845584743529e-13	4.64073224293315e-13	1.45262285445463e-11
GO_UROGENITAL_SYSTEM_DEVELOPMENT	298	0.423162655889697	1.63725176542284	0.00097739769184424	0.000980269533241263	0.0132515587090347
GO_VASCULATURE_DEVELOPMENT	468	0.498730874446241	2.01704925468733	0	2.22044604925031e-16	7.81914215914575e-15
GO_VASCULOGENESIS	58	0.550761875032426	1.67383230193559	0.00427810576439336	0.00427926800739342	0.0415018844782614
GO_WOUND_HEALING	469	0.41413145683283	1.64155328265628	3.5487279781421e-11	3.50203199772636e-11	9.81896744007069e-10
