n	es	nes	pval.es	pval.nes	fdr
GO_ACTIN_BINDING	392	0.318870738232838	1.49080122835992	0.00117868135365395	0.00117856554275897	0.0141212711178037
GO_ACTIN_CYTOSKELETON	443	0.328751707821891	1.54961147665904	3.90375699899081e-06	3.89333279959825e-06	6.84461810929371e-05
GO_ACTIN_FILAMENT_BASED_PROCESS	449	0.368173957729584	1.74500146789409	0	0	0
GO_ACTIVATION_OF_IMMUNE_RESPONSE	426	0.33414851443595	1.56891676538637	1.39856143441808e-05	1.39573433738382e-05	0.000232234865571003
GO_ACTIVATION_OF_PROTEIN_KINASE_ACTIVITY	278	0.36905822986797	1.67874777307097	1.47548639972683e-12	1.45494727377127e-12	3.68857233741068e-11
GO_ADAPTIVE_IMMUNE_RESPONSE	287	0.347271555123254	1.48511620744911	0.00432588157757174	0.00432491102749644	0.0400631353810955
GO_AMIDE_BIOSYNTHETIC_PROCESS	506	0.333387658617983	1.64527882511816	2.22044604925031e-16	0	0
GO_AMINOGLYCAN_CATABOLIC_PROCESS	67	0.557439730053703	1.82203636046904	0.000506705482309244	0.000506544516664098	0.0066789251337831
GO_ANAPHASE_PROMOTING_COMPLEX_DEPENDENT_CATABOLIC_PROCESS	76	0.498059338719324	1.97005514881868	3.44080319791829e-12	3.41304762230266e-12	8.43551142466184e-11
GO_ANATOMICAL_STRUCTURE_FORMATION_INVOLVED_IN_MORPHOGENESIS	956	0.297965564904706	1.50699435058646	2.66453525910038e-15	2.66453525910038e-15	7.60357960169368e-14
GO_ANCHORING_JUNCTION	488	0.457471721260404	2.19310278580248	0	2.22044604925031e-16	6.52546010593114e-15
GO_ANGIOGENESIS	292	0.387072930795048	1.70749831554054	6.03309412504638e-05	6.02683582748842e-05	0.000941812678121008
GO_ANTIGEN_PROCESSING_AND_PRESENTATION	212	0.373614778569666	1.63558408465063	1.73860867086484e-05	1.73660720111934e-05	0.000286540188184692
GO_ANTIGEN_PROCESSING_AND_PRESENTATION_OF_EXOGENOUS_PEPTIDE_ANTIGEN_VIA_MHC_CLASS_I	65	0.583943113939754	2.16081014269708	2.49988918454846e-12	2.47768472405596e-12	6.20156087499939e-11
GO_ANTIGEN_PROCESSING_AND_PRESENTATION_OF_PEPTIDE_ANTIGEN	176	0.430967693450932	1.90334732589136	0	0	0
GO_ANTIGEN_PROCESSING_AND_PRESENTATION_OF_PEPTIDE_ANTIGEN_VIA_MHC_CLASS_I	90	0.549061632163408	2.19419624443259	0	0	0
GO_ANTIGEN_RECEPTOR_MEDIATED_SIGNALING_PATHWAY	194	0.411620613929325	1.7542780423553	4.7750692289128e-13	4.72510919280467e-13	1.22956916307917e-11
GO_ANTIMICROBIAL_HUMORAL_RESPONSE	51	0.630814471694169	1.86195655247244	0.00178048467223157	0.00178057117396235	0.0198824837894057
GO_ATPASE_ACTIVITY_COUPLED_TO_TRANSMEMBRANE_MOVEMENT_OF_IONS_PHOSPHORYLATIVE_MECHANISM	32	0.6634415780511	1.78705483623698	0.00509887378217622	0.00509921121942591	0.0453348008371056
GO_ATP_DEPENDENT_CHROMATIN_REMODELING	73	0.483755991703346	1.80562065487788	2.49927415985063e-07	2.49309282662757e-07	4.95848462184818e-06
GO_BEHAVIOR	515	0.292453171083827	1.37914266909141	0.00556397120465446	0.00556102360537625	0.0482724130561015
GO_BETA_CATENIN_TCF_COMPLEX_ASSEMBLY	42	0.532677120246345	1.86211596648829	0.00188063567568053	0.00188120176815265	0.0208573404771727
GO_BIOLOGICAL_ADHESION	1031	0.336853152941869	1.68883448174856	0	0	0
GO_BLOOD_VESSEL_MORPHOGENESIS	363	0.416106942950954	1.88461580109754	0	0	0
GO_BONE_MORPHOGENESIS	78	0.623414104763184	2.09278634419862	1.65373329119589e-06	1.65087807779685e-06	3.00053440170645e-05
GO_BRANCHING_MORPHOGENESIS_OF_AN_EPITHELIAL_TUBE	130	0.454415832794149	1.74246102013	0.00119285574095351	0.00119249032782487	0.0142591910252257
GO_CALMODULIN_BINDING	178	0.440346811111512	1.83159940667861	0.00145048198902165	0.00145031282360131	0.0166659119944901
GO_CARDIAC_CHAMBER_DEVELOPMENT	143	0.47386188969355	1.84388088762433	0.000926289001397795	0.000926062810301498	0.0115163221483178
GO_CARDIAC_CHAMBER_MORPHOGENESIS	103	0.540357766065774	1.92961588375486	0.000540850544779148	0.000540754368015817	0.00709830233748762
GO_CARDIAC_SEPTUM_DEVELOPMENT	84	0.523385287718396	1.92386653381685	2.22693196105794e-08	2.2184373005274e-08	4.78259457453115e-07
GO_CARDIAC_SEPTUM_MORPHOGENESIS	48	0.593894181112044	1.82127287984713	0.00297992905711753	0.00297986845882803	0.0302178668216355
GO_CATALYTIC_STEP_2_SPLICEOSOME	88	0.458474036993986	1.84965455907961	9.50244891917418e-06	9.44841057148871e-06	0.000159919086664137
GO_CATION_TRANSPORTING_ATPASE_ACTIVITY	58	0.570055209266569	1.82725402661008	0.00182082256514127	0.00182137361413071	0.0202614951764032
GO_CCR_CHEMOKINE_RECEPTOR_BINDING	34	0.815819990079683	2.03367081541879	0.000155077513315449	0.000155016042643119	0.00224431314679633
GO_CELL_ACTIVATION	567	0.333397255365288	1.61617195525999	2.22044604925031e-16	2.22044604925031e-16	6.52546010593114e-15
GO_CELL_CELL_ADHESION	607	0.36316773635896	1.72972480589851	2.55644748703432e-08	2.53754284251784e-08	5.43089332273654e-07
GO_CELL_CELL_SIGNALING	766	0.334833866476626	1.56980783678803	2.53130849614536e-13	2.4980018054066e-13	6.616904333873e-12
GO_CELL_CHEMOTAXIS	161	0.4748989499117	1.85540800661076	1.45949918817223e-11	1.44875222929386e-11	3.45071750743501e-10
GO_CELL_DEATH	1000	0.300938809044208	1.56216160593763	2.22044604925031e-16	0	0
GO_CELL_DEVELOPMENT	1425	0.291498562326516	1.50802094180793	2.22044604925031e-15	1.99840144432528e-15	5.75832064957534e-14
GO_CELL_FATE_COMMITMENT	226	0.421425206770992	1.72710052917808	1.46017961377698e-06	1.45671645623846e-06	2.65580990956808e-05
GO_CELL_JUNCTION	1150	0.33807203334114	1.72207171369243	0	0	0
GO_CELL_MOTILITY	834	0.360842058778186	1.78871429632921	0	0	0
GO_CELL_PROJECTION	1785	0.23582315925833	1.23819818483747	3.23649899769407e-07	3.20868731029655e-07	6.27606488143104e-06
GO_CELL_PROLIFERATION	671	0.307555841255977	1.50700939887012	8.14218080735785e-08	8.08363472826201e-08	1.65798716457791e-06
GO_CELL_SUBSTRATE_JUNCTION	397	0.503520849318717	2.42068056084292	2.22044604925031e-16	2.22044604925031e-16	6.52546010593114e-15
GO_CELL_SURFACE	756	0.337727322904941	1.64087131257182	0	2.22044604925031e-16	6.52546010593114e-15
GO_CELLULAR_AMIDE_METABOLIC_PROCESS	726	0.293652267529032	1.48455324899487	2.22044604925031e-16	0	0
GO_CELLULAR_CATABOLIC_PROCESS	1321	0.227543303294199	1.19449872315202	0.00453094978741975	0.00453759257684538	0.041299783284169
GO_CELLULAR_CHEMICAL_HOMEOSTASIS	569	0.293249144212464	1.38364232594138	0.00535951425178993	0.0053613753365318	0.0472270657274046
GO_CELLULAR_COMPONENT_DISASSEMBLY	514	0.29734721965626	1.44333146901892	0.000272214228850376	0.000271974495314242	0.00378012551487348
GO_CELLULAR_HOMEOSTASIS	675	0.286043856215285	1.38207968112318	0.00242732791490208	0.00242631127553605	0.0256849833415618
GO_CELLULAR_MACROMOLECULAR_COMPLEX_ASSEMBLY	726	0.366845738930098	1.8681599780069	2.22044604925031e-16	0	0
GO_CELLULAR_MACROMOLECULE_LOCALIZATION	1233	0.271239123604017	1.42984644748855	2.22044604925031e-16	0	0
GO_CELLULAR_RESPONSE_TO_ACID_CHEMICAL	174	0.395937277564721	1.62314078044062	0.00112102551197146	0.00112065420375396	0.0135928221387569
GO_CELLULAR_RESPONSE_TO_CYTOKINE_STIMULUS	605	0.320217887329015	1.52890695946812	2.67974531453774e-12	2.64066546407093e-12	6.55395415809538e-11
GO_CELLULAR_RESPONSE_TO_ENDOGENOUS_STIMULUS	1007	0.312204603483193	1.58844597321381	2.22044604925031e-16	0	0
GO_CELLULAR_RESPONSE_TO_EXTERNAL_STIMULUS	263	0.385843206655454	1.72787862775052	0	0	0
GO_CELLULAR_RESPONSE_TO_FATTY_ACID	50	0.597990636278104	1.89790308999866	2.96261881685966e-05	2.95970923624989e-05	0.000480302265344178
GO_CELLULAR_RESPONSE_TO_HORMONE_STIMULUS	551	0.30979131236046	1.49863014801723	6.97399271665233e-08	6.93777310045718e-08	1.43794476155791e-06
GO_CELLULAR_RESPONSE_TO_HYDROGEN_PEROXIDE	60	0.491683513294757	1.77413292103411	0.00295634938902067	0.002955903802494	0.0300525365943753
GO_CELLULAR_RESPONSE_TO_INSULIN_STIMULUS	145	0.38156601720663	1.59216644341633	0.00229060350158106	0.00228592387511495	0.0245508224187345
GO_CELLULAR_RESPONSE_TO_INTERFERON_GAMMA	121	0.52747103509667	1.99183920450243	2.08277839419679e-13	2.06501482580279e-13	5.49461377298067e-12
GO_CELLULAR_RESPONSE_TO_LIPID	456	0.345566566090208	1.63251566420084	2.0499298925003e-09	2.03149053135121e-09	4.59770673129946e-08
GO_CELLULAR_RESPONSE_TO_MECHANICAL_STIMULUS	79	0.529254223058442	1.92548301990586	6.75936104325148e-05	6.7535093689397e-05	0.00104431884403997
GO_CELLULAR_RESPONSE_TO_NITROGEN_COMPOUND	504	0.316324194061753	1.51539030328995	1.05162770713818e-08	1.04402677614246e-08	2.29258965303848e-07
GO_CELLULAR_RESPONSE_TO_ORGANIC_CYCLIC_COMPOUND	464	0.33307861300626	1.58287545670757	7.10537766401842e-08	7.05927499788928e-08	1.45801179764098e-06
GO_CELLULAR_RESPONSE_TO_ORGANIC_SUBSTANCE	1847	0.312309767064667	1.6447334251002	0	0	0
GO_CELLULAR_RESPONSE_TO_OXIDATIVE_STRESS	183	0.334725142667249	1.46020288654279	0.00562229860280317	0.00562276776813764	0.0485580251555395
GO_CELLULAR_RESPONSE_TO_OXYGEN_CONTAINING_COMPOUND	798	0.329545930425168	1.64000746409322	0	0	0
GO_CELLULAR_RESPONSE_TO_REACTIVE_OXYGEN_SPECIES	103	0.419436606742903	1.65097104288325	0.00105931703936946	0.00105899578643209	0.0129513211396571
GO_CELLULAR_RESPONSE_TO_STEROID_HORMONE_STIMULUS	217	0.34281820341079	1.48584001086765	0.00577907574434855	0.00578021855604105	0.0495555167061458
GO_CELLULAR_RESPONSE_TO_STRESS	1564	0.242141961696026	1.28228497000577	8.11102263836849e-05	8.08213180770734e-05	0.00123681742456288
GO_CENTRAL_NERVOUS_SYSTEM_DEVELOPMENT	871	0.280441311400066	1.39772601062668	0.00129358769944743	0.00129305094743204	0.015215242921277
GO_CHEMOATTRACTANT_ACTIVITY	26	0.768854000892853	1.85800507450442	0.0039858424786221	0.0039852374837539	0.0377861923218849
GO_CHEMOKINE_ACTIVITY	47	0.747440353642679	1.76405034479995	0.00279277627479457	0.00279261919054463	0.0286886983626907
GO_CHROMATIN	440	0.39727932794747	1.92125472100023	0	0	0
GO_CHROMATIN_ASSEMBLY_OR_DISASSEMBLY	176	0.514083607548971	2.21142847210184	0	0	0
GO_CHROMATIN_ORGANIZATION	662	0.352243744367157	1.75423306579609	0	0	0
GO_CHROMATIN_REMODELING	149	0.363430061312962	1.54496183232838	0.0042559014571717	0.00425091335419581	0.0397873811568889
GO_CHROMATIN_SILENCING	94	0.714851675421009	2.76436346364858	0	0	0
GO_CHROMATIN_SILENCING_AT_RDNA	36	0.767979780167692	2.5217080109356	0	0	0
GO_CHROMOSOME	879	0.267921693596685	1.37237038729909	1.11222142606948e-11	1.09423581307055e-11	2.61686273190598e-10
GO_CHROMOSOME_ORGANIZATION	1008	0.280068486672279	1.45137238300138	5.88751269958721e-13	5.75539615965681e-13	1.47813587456925e-11
GO_CHROMOSOME_TELOMERIC_REGION	161	0.345400262225415	1.49107257168586	0.00547049155132295	0.00547164735353967	0.0478121611203533
GO_CIRCULATORY_SYSTEM_DEVELOPMENT	787	0.361206537956849	1.79974522452084	2.22044604925031e-16	0	0
GO_CIRCULATORY_SYSTEM_PROCESS	365	0.340356967731514	1.48631736646216	0.004987808480022	0.00498750001401516	0.0445032667413709
GO_COATED_VESICLE	233	0.35308517549384	1.55493057325139	0.00237530387159501	0.00237555797145017	0.0252836413285697
GO_COP9_SIGNALOSOME	33	0.602333362946707	1.81106591428364	0.00426928973004348	0.00426891433449483	0.0397873811568889
GO_CYTOKINE_ACTIVITY	218	0.581287655044687	2.11157604201283	2.43727260595961e-12	2.42172948361485e-12	6.08730045094168e-11
GO_CYTOKINE_MEDIATED_SIGNALING_PATHWAY	451	0.363519292826036	1.68138768993661	9.58000345718801e-12	9.46431821802207e-12	2.28186643730026e-10
GO_CYTOKINE_RECEPTOR_BINDING	270	0.445698104810674	1.84439752248096	3.32178728967847e-13	3.29070104498896e-13	8.63918714344436e-12
GO_CYTOPLASMIC_SIDE_OF_MEMBRANE	169	0.395459153537225	1.66709825281853	1.40177956131637e-07	1.39723361547439e-07	2.83624019471039e-06
GO_CYTOPLASMIC_TRANSLATION	40	0.576254168217337	1.97967781828198	1.06087740947558e-06	1.058551103994e-06	1.9479318913684e-05
GO_CYTOPLASMIC_VESICLE_PART	600	0.34689507627195	1.68230406788688	4.44089209850063e-16	0	0
GO_CYTOSKELETAL_PROTEIN_BINDING	818	0.272010183530835	1.36443155619061	5.20025487449338e-06	5.17874852401512e-06	8.89269404981317e-05
GO_CYTOSOLIC_LARGE_RIBOSOMAL_SUBUNIT	60	0.651817377059904	2.38222670527549	0	0	0
GO_CYTOSOLIC_PART	222	0.451143382564006	2.01482072181347	2.22044604925031e-16	0	0
GO_CYTOSOLIC_RIBOSOME	112	0.61251005321493	2.48085045865478	0	2.22044604925031e-16	6.52546010593114e-15
GO_CYTOSOLIC_SMALL_RIBOSOMAL_SUBUNIT	43	0.581188548285282	1.99039249544577	6.10017980029465e-06	6.09065733048197e-06	0.000104282645945383
GO_DEFENSE_RESPONSE	1230	0.318994683433103	1.62929715295671	0	0	0
GO_DEFENSE_RESPONSE_TO_BACTERIUM	236	0.431552685140357	1.71586537438552	0.00278433717466231	0.00278161316990055	0.0286254163669034
GO_DEFENSE_RESPONSE_TO_GRAM_POSITIVE_BACTERIUM	71	0.533759117901446	1.79375535691803	0.000642978948439454	0.000642719185197316	0.00821762386787997
GO_DEFENSE_RESPONSE_TO_OTHER_ORGANISM	504	0.321350541661465	1.50234972490431	4.66774812024617e-07	4.6461024316713e-07	8.91056073502673e-06
GO_DETECTION_OF_STIMULUS	674	-0.509090163926453	-2.11255475037539	0	0	0
GO_DEVELOPMENTAL_GROWTH	332	0.333842559563762	1.49635873421806	0.00270582755122517	0.00270532909831356	0.0280008381543224
GO_DEVELOPMENTAL_PROCESS_INVOLVED_IN_REPRODUCTION	601	0.310115823912718	1.48462236593259	0.000112762021430068	0.00011258663687097	0.00167518706296429
GO_DNA_CONFORMATION_CHANGE	272	0.413431650958621	1.89813563662919	0	0	0
GO_DNA_DEALKYLATION	19	-0.68735116397658	-1.86923507839434	0.00303789806951515	0.00303790579983931	0.0306931901511315
GO_DNA_DEMETHYLATION	14	-0.749908503203661	-1.81634450261886	0.00382996570970484	0.00382936018171953	0.0369005393041065
GO_DNA_PACKAGING	193	0.521326791843204	2.28188658714666	0	0	0
GO_DNA_PACKAGING_COMPLEX	107	0.753799503956417	2.99291377224725	0	0	0
GO_DNA_REPLICATION_DEPENDENT_NUCLEOSOME_ORGANIZATION	31	0.785042629166068	2.51071697792732	0	0	0
GO_DNA_REPLICATION_INDEPENDENT_NUCLEOSOME_ORGANIZATION	52	0.498452668247467	1.75758813190508	0.000680600761835515	0.000680348980758305	0.00866125308047265
GO_DNA_TEMPLATED_TRANSCRIPTION_INITIATION	201	0.390499581488436	1.71185843226694	1.52247225049251e-07	1.51676849968752e-07	3.05786741558162e-06
GO_EAR_DEVELOPMENT	194	0.4479033760411	1.78789949415774	0.000346402339937102	0.000346286370110138	0.00473498515796432
GO_EAR_MORPHOGENESIS	111	0.497572228624262	1.76758208244993	0.00143514683583057	0.00143483715870241	0.0166187903852061
GO_EMBRYO_DEVELOPMENT	893	0.312435564212264	1.57674040717808	5.07746206968029e-07	5.05095946845557e-07	9.56282614748945e-06
GO_EMBRYONIC_MORPHOGENESIS	538	0.374915743511694	1.74413718688322	0	0	0
GO_EMBRYONIC_ORGAN_DEVELOPMENT	405	0.407224794795889	1.84975214517273	0	2.22044604925031e-16	6.52546010593114e-15
GO_EMBRYONIC_ORGAN_MORPHOGENESIS	278	0.381373211567995	1.62922624299428	0.00368504866183894	0.00368197439709028	0.0355964366016568
GO_ENDOCARDIUM_DEVELOPMENT	10	0.855123124336981	1.86076098306969	0.00229912260266063	0.00229879709112413	0.0246442729896011
GO_ENDOCYTIC_VESICLE	255	0.378692010565216	1.66314705266353	0.000618085361684617	0.000617884936300772	0.00798653461428591
GO_ENDOCYTIC_VESICLE_MEMBRANE	151	0.406914043944358	1.6676242129361	6.19654353192223e-05	6.19139038788852e-05	0.00096243534266467
GO_ENHANCER_BINDING	92	0.477191776709791	1.77253398702045	0.00270497807628811	0.00270670028544406	0.0280008381543224
GO_ENZYME_BINDING	1736	0.243346609415007	1.30525928815389	3.18455657843941e-06	3.1553116149885e-06	5.59712483775888e-05
GO_ENZYME_LINKED_RECEPTOR_PROTEIN_SIGNALING_PATHWAY	688	0.349311711972025	1.71804998536769	0	0	0
GO_EPITHELIAL_CELL_DIFFERENTIATION	494	0.337813138581133	1.56294112107723	3.39784841429935e-06	3.38999515747673e-06	5.97752280454181e-05
GO_EPITHELIAL_CELL_PROLIFERATION	88	0.552014056071217	2.01029635888315	0.000429050060155145	0.000428943629175449	0.00573001611586971
GO_EPITHELIUM_DEVELOPMENT	944	0.335377786545015	1.65435821452655	0	0	0
GO_ER_TO_GOLGI_TRANSPORT_VESICLE	70	0.447618017310805	1.62336835735804	0.00422559962466551	0.00422443119674609	0.0396090715542526
GO_ESTABLISHMENT_OF_LOCALIZATION_IN_CELL	1675	0.246346538806031	1.31471562076328	3.85025344940004e-13	3.72368802459278e-13	9.73266600056174e-12
GO_ESTABLISHMENT_OF_PROTEIN_LOCALIZATION	1422	0.243926375861816	1.29564271016717	5.31243820296456e-05	5.27243561714297e-05	0.000826108148288157
GO_ESTABLISHMENT_OF_PROTEIN_LOCALIZATION_TO_ENDOPLASMIC_RETICULUM	103	0.609685958088306	2.48809741352273	0	0	0
GO_ESTABLISHMENT_OF_PROTEIN_LOCALIZATION_TO_MEMBRANE	263	0.391793028618581	1.80581177554586	0	0	0
GO_ESTABLISHMENT_OF_PROTEIN_LOCALIZATION_TO_ORGANELLE	360	0.396592207998417	1.89975095739639	0	2.22044604925031e-16	6.52546010593114e-15
GO_EXCRETION	43	0.753340747202023	1.92607577976856	0.00464505252272029	0.00464406311932197	0.0419239979081288
GO_EXOCYTOSIS	309	0.356740173014255	1.6255319374448	1.4821808552723e-06	2.6465771345574e-06	4.72306076550773e-05
GO_EXODEOXYRIBONUCLEASE_ACTIVITY	17	-0.717709198257024	-1.82238269661126	0.000849601707385239	0.000849372151473293	0.0106977426412638
GO_EXTRACELLULAR_SPACE	1375	0.368823146455732	1.84728439555827	2.22044604925031e-16	0	0
GO_EXTRACELLULAR_STRUCTURE_ORGANIZATION	303	0.427593316787777	1.80276860906112	3.13422799935736e-07	3.12616337705407e-07	6.1349658034081e-06
GO_EYE_DEVELOPMENT	325	0.37441802124247	1.61943036910325	3.01438326522074e-08	3.00408564690713e-08	6.36026305243025e-07
GO_EYE_MORPHOGENESIS	135	0.436433130535376	1.63664212630808	0.00327256539303178	0.00327148975410663	0.0324784705504334
GO_FAT_CELL_DIFFERENTIATION	105	0.486571556124353	1.87649396911121	7.62182877700468e-07	9.51405083604584e-07	1.7617397582609e-05
GO_FC_EPSILON_RECEPTOR_SIGNALING_PATHWAY	141	0.45854536797731	1.91732076517807	1.4210854715202e-14	1.3988810110277e-14	3.8613038000657e-13
GO_FC_RECEPTOR_SIGNALING_PATHWAY	205	0.433969740801367	1.93022253941763	0	0	0
GO_FIBROBLAST_GROWTH_FACTOR_RECEPTOR_SIGNALING_PATHWAY	83	0.518262838494636	1.89344568190016	0.000893340508378637	0.000893206223628873	0.01117832449783
GO_FORMATION_OF_PRIMARY_GERM_LAYER	109	0.447546881240383	1.68793153487923	0.00156445574790098	0.00156324769769467	0.0177238083498703
GO_FORMATION_OF_TRANSLATION_PREINITIATION_COMPLEX	21	0.634035684045393	1.83746589684005	0.00464882504457409	0.00464875886741567	0.0419239979081288
GO_GAMETE_GENERATION	594	0.276934458384067	1.3209944084314	0.0018839583518937	0.00188275204057053	0.0208573404771727
GO_GAP_JUNCTION_CHANNEL_ACTIVITY	15	0.953527624107001	1.74829477864512	0.00115154224314351	0.00115115944175981	0.0139057235633439
GO_GASTRULATION	154	0.419015825132852	1.64288730198204	0.00284973144263245	0.00284734951880994	0.0292001625132123
GO_GENE_SILENCING	211	0.531873507770311	2.34042089116885	0	0	0
GO_GENE_SILENCING_BY_RNA	138	0.494086330733508	2.05424729418185	0	0	0
GO_GLAND_DEVELOPMENT	394	0.355427192786289	1.62235026260307	3.75077746639363e-12	3.71103148211205e-12	9.13377623534828e-11
GO_GLAND_MORPHOGENESIS	96	0.489702937060406	1.75995048999486	0.000372036474303949	0.000371938322882737	0.00506230339462748
GO_GLIOGENESIS	174	0.43396640532996	1.76908568794432	8.98433432625634e-05	8.9596937939751e-05	0.00135012528676048
GO_G_PROTEIN_COUPLED_RECEPTOR_ACTIVITY	878	-0.547565451259214	-2.21441459731258	0	0	0
GO_G_PROTEIN_COUPLED_RECEPTOR_BINDING	258	0.409170668253499	1.6775260492024	0.00238647744739728	0.00238497192368481	0.0253381819302269
GO_G_PROTEIN_COUPLED_RECEPTOR_SIGNALING_PATHWAY	1192	-0.338739966019857	-1.52696650743568	0.00154082534339783	0.00154167529514904	0.0175128384008565
GO_GRANULOCYTE_MIGRATION	74	0.575241466699057	1.90448137582425	0.0021840763422879	0.00218352548740275	0.0236662111084184
GO_GROWTH	409	0.30459617227746	1.38020434280809	0.00457306529103363	0.00457190511056405	0.041548066904772
GO_GROWTH_FACTOR_ACTIVITY	159	0.553755955560369	1.93528302609827	0.000312671511138563	0.000312477459785021	0.00430257425396298
GO_GROWTH_FACTOR_RECEPTOR_BINDING	128	0.470339867065045	1.75279101079722	0.000303837758831915	0.000303670412594381	0.00419107739998834
GO_GTPASE_ACTIVITY	245	0.359906461919598	1.6137134870459	0.000472197569778565	0.000471875710731706	0.00626375241189256
GO_GUANYL_NUCLEOTIDE_BINDING	389	0.320393638819819	1.49063200653312	8.84413611547119e-05	8.83258889561311e-05	0.00133437602573879
GO_HEAD_DEVELOPMENT	708	0.284550240294088	1.4031886220752	8.31156323061188e-05	8.29714989101227e-05	0.00125992967625217
GO_HEART_DEVELOPMENT	465	0.354373436538781	1.67314007529614	1.77635683940025e-15	1.99840144432528e-15	5.75832064957534e-14
GO_HEART_MORPHOGENESIS	211	0.439483563568983	1.82851434398121	0.00011621701529263	0.000116126765538627	0.00171490201009167
GO_HEART_VALVE_DEVELOPMENT	33	0.695100156584814	2.0213613552462	0.00143846042776941	0.00143873759983715	0.0166313561687633
GO_HEAT_SHOCK_PROTEIN_BINDING	88	0.515958665824472	1.97920648108821	1.91424653905869e-12	1.89948057283118e-12	4.79497083064692e-11
GO_HEMOSTASIS	310	0.352282985162285	1.57823706754391	5.04261636929959e-05	5.03515183608583e-05	0.000795257804699438
GO_HISTONE_BINDING	176	0.392412670219996	1.70610232785518	4.17071311453743e-06	4.1637051787502e-06	7.27662913931285e-05
GO_HISTONE_DEACETYLASE_BINDING	104	0.404906049028113	1.59876848371285	0.00436932043738159	0.0043678031954566	0.0403134585555658
GO_HISTONE_EXCHANGE	52	0.510556726701246	1.79046666727128	0.000346188670420688	0.000346024379184851	0.00473498515796432
GO_HOMEOSTATIC_PROCESS	1336	0.251267641046913	1.29037646949789	0.00060054399785292	0.000599932216663102	0.0077885705578658
GO_HUMORAL_IMMUNE_RESPONSE	186	0.502365267758173	1.88896270026506	6.43472520132082e-05	6.42807367564613e-05	0.000996604493491908
GO_IMMUNE_RESPONSE	1099	0.34556488214713	1.73797953248912	0	0	0
GO_IMMUNE_RESPONSE_REGULATING_CELL_SURFACE_RECEPTOR_SIGNALING_PATHWAY	322	0.406938948176476	1.86000549442327	0	0	0
GO_IMMUNE_SYSTEM_DEVELOPMENT	581	0.276278644847797	1.33603790451778	0.00116374462178392	0.00116276957870476	0.0140173059212429
GO_IMMUNE_SYSTEM_PROCESS	1983	0.28394213851887	1.50545037754073	2.22044604925031e-16	2.22044604925031e-16	6.52546010593114e-15
GO_INFLAMMATORY_RESPONSE	453	0.356323614279792	1.60286459902218	2.03213413108028e-05	2.02796679958928e-05	0.000331833791833071
GO_INNATE_IMMUNE_RESPONSE	618	0.296381914775991	1.4086636730274	0.00262395929573933	0.00262600234620558	0.0273576646543851
GO_INNATE_IMMUNE_RESPONSE_ACTIVATING_CELL_SURFACE_RECEPTOR_SIGNALING_PATHWAY	105	0.488255664965923	1.96056184270931	2.66453525910038e-15	2.44249065417534e-15	7.00378266709406e-14
GO_INNATE_IMMUNE_RESPONSE_IN_MUCOSA	22	0.767910908794359	1.99705965856126	0.00196495683336884	0.00196487309071158	0.0215734300127013
GO_INNER_MITOCHONDRIAL_MEMBRANE_PROTEIN_COMPLEX	105	0.465070910786932	1.81606999711147	7.00917342684182e-05	7.00292755099197e-05	0.00108005987059294
GO_INSULIN_RECEPTOR_SIGNALING_PATHWAY	79	0.493002572133269	1.85342300814073	0.00130435747807589	0.00130414856536087	0.0153153192357588
GO_INTEGRIN_MEDIATED_SIGNALING_PATHWAY	81	0.560226410500137	2.0583875689531	1.72472659043521e-07	1.72069967607769e-07	3.45720169611935e-06
GO_INTERACTION_WITH_SYMBIONT	51	0.548904531789438	1.92163372599509	4.87618026601133e-06	4.86847990310846e-06	8.43346357409433e-05
GO_INTERSPECIES_INTERACTION_BETWEEN_ORGANISMS	661	0.376929200355438	1.91994405290474	0	0	0
GO_INTESTINAL_EPITHELIAL_CELL_DEVELOPMENT	10	0.827986151607417	1.78587104255259	0.00352498240651566	0.00352487605732454	0.0343588166181783
GO_INTRACELLULAR_PROTEIN_TRANSPORT	780	0.300288976800368	1.53741520735475	2.22044604925031e-16	0	0
GO_INTRACELLULAR_SIGNAL_TRANSDUCTION	1571	0.301364804385728	1.59017703224508	0	0	0
GO_INTRACELLULAR_VESICLE	1258	0.311882405034276	1.61954176697726	2.22044604925031e-16	0	0
GO_INTRINSIC_COMPONENT_OF_PLASMA_MEMBRANE	1648	0.249263487167119	1.27184765622838	0.00404971308879676	0.00404568107145375	0.0382589371205952
GO_LARGE_RIBOSOMAL_SUBUNIT	94	0.535917986382448	2.16268095514706	1.75863171802959e-08	1.75059027274216e-08	3.8157700151616e-07
GO_LEUKOCYTE_ACTIVATION	413	0.303592244066364	1.42282246091209	0.000860917395206884	0.000860715410337054	0.0108032681314038
GO_LEUKOCYTE_CELL_CELL_ADHESION	254	0.419815971648059	1.83049311864876	0	0	0
GO_LEUKOCYTE_CHEMOTAXIS	116	0.4877736212	1.73649972243696	0.00396907834258209	0.00396885184224771	0.0377520254946171
GO_LEUKOCYTE_DIFFERENTIATION	291	0.38702817042897	1.72506891982788	5.19530328531026e-05	5.1891236142465e-05	0.000815216840142396
GO_LEUKOCYTE_MIGRATION	258	0.392234557844718	1.69482881776762	0.00293021966471363	0.00292714295333985	0.0298885719392996
GO_LIPOPOLYSACCHARIDE_MEDIATED_SIGNALING_PATHWAY	30	0.614889685008127	1.84548959098769	0.00336072196803694	0.00336108422864201	0.0330591641073423
GO_LOCOMOTION	1113	0.328276419288735	1.67872775210197	0	0	0
GO_LUNG_ALVEOLUS_DEVELOPMENT	40	0.642232942780473	1.91301368331622	0.00140309343841483	0.00140208796938901	0.0162713823873888
GO_LYMPHOCYTE_DIFFERENTIATION	208	0.39952157555877	1.66821264657522	0.0013943293098051	0.00139380543269196	0.0162071037222666
GO_LYSOSOMAL_LUMEN	87	0.483134358766639	1.80013351123101	0.00522242364106418	0.00522131278646798	0.0461710997450095
GO_MACROMOLECULAR_COMPLEX_ASSEMBLY	1397	0.281305495607731	1.48492251517187	0	0	0
GO_MACROMOLECULAR_COMPLEX_BINDING	1398	0.245883923346807	1.29451209957814	4.43088403523362e-07	4.39385816841664e-07	8.45424110776453e-06
GO_MACROMOLECULAR_COMPLEX_DISASSEMBLY	181	0.344917687689141	1.54003761137726	0.00131939632269906	0.00131913865906474	0.0154300040774167
GO_MACROMOLECULE_CATABOLIC_PROCESS	925	0.299189253689855	1.55153188736012	0	2.22044604925031e-16	6.52546010593114e-15
GO_MAMMARY_GLAND_MORPHOGENESIS	39	0.661612808307878	1.87364674446763	0.00220675249784819	0.00220648145974622	0.0238712197485732
GO_MEMBRANE_LIPID_CATABOLIC_PROCESS	23	0.685424302835678	1.81429102801892	0.00559128873878267	0.00559244335138853	0.0483668563347761
GO_MEMBRANE_ORGANIZATION	898	0.328910787137705	1.67610433971981	2.22044604925031e-16	2.22044604925031e-16	6.52546010593114e-15
GO_MEMBRANE_PROTEIN_COMPLEX	1019	0.257945793971175	1.31400134437539	1.50695402600931e-07	1.49603115118246e-07	3.02638904453247e-06
GO_MEMORY	97	0.525691670577404	1.90160854742084	0.00239211369314474	0.00239161234413021	0.0253631133155784
GO_MESENCHYME_DEVELOPMENT	189	0.444345357934736	1.78523581566552	0.00451681099526691	0.00451820373655998	0.0412504319503242
GO_MESODERM_MORPHOGENESIS	65	0.538982742697384	1.84482782954526	0.00107197767790146	0.00107178991624279	0.0130807087505086
GO_MHC_CLASS_II_PROTEIN_COMPLEX_BINDING	15	0.770519407269069	1.92246255108359	0.00314057790646516	0.00314006356222885	0.0314378906137047
GO_MICROVILLUS_ORGANIZATION	19	0.643144842405698	1.84118136008841	0.00468173279695294	0.00468068121204901	0.0420833849612991
GO_MITOCHONDRIAL_PROTEIN_COMPLEX	135	0.40436933388303	1.66071379843566	1.98841366391145e-05	1.98538290459016e-05	0.000325768244928169
GO_MODIFICATION_OF_MORPHOLOGY_OR_PHYSIOLOGY_OF_OTHER_ORGANISM	99	0.479578992351217	1.85368977267384	2.72036709492163e-07	2.71263163709179e-07	5.34117169343373e-06
GO_MONOCARBOXYLIC_ACID_BINDING	64	0.59200763287032	1.85190681801817	0.00236786284459467	0.00236600263376163	0.0252326772490845
GO_MONOCYTE_CHEMOTAXIS	40	0.712669538307881	1.80861828541954	0.00451656426601443	0.00451700114852405	0.0412504319503242
GO_MORPHOGENESIS_OF_A_BRANCHING_STRUCTURE	166	0.482482506931325	1.90310597743693	0.00110012285536976	0.00110009726392102	0.0133985042020236
GO_MORPHOGENESIS_OF_AN_EPITHELIUM	399	0.350466145108857	1.60617720942413	6.09120908675598e-05	6.08227448101184e-05	0.000947968215285935
GO_MOVEMENT_OF_CELL_OR_SUBCELLULAR_COMPONENT	1274	0.310387683471918	1.57512846666677	0	0	0
GO_MRNA_BINDING	154	0.395196643248835	1.66947026373701	0.000174977736263404	0.000174866324907597	0.00252551437953343
GO_MRNA_METABOLIC_PROCESS	610	0.4055813148016	2.04694205621006	2.22044604925031e-16	2.22044604925031e-16	6.52546010593114e-15
GO_MRNA_PROCESSING	431	0.346634668291422	1.6787878956175	0	0	0
GO_MULTICELLULAR_ORGANISM_REPRODUCTION	767	0.285271392969787	1.39224997243222	0.00117453758024755	0.00117399341129765	0.0140950794319821
GO_MULTI_MULTICELLULAR_ORGANISM_PROCESS	212	0.404778090613361	1.64823367255902	0.00410930985103553	0.0041091211902835	0.0386506032977781
GO_MULTI_ORGANISM_METABOLIC_PROCESS	137	0.549805760004053	2.36458076717063	2.22044604925031e-16	0	0
GO_MULTI_ORGANISM_REPRODUCTIVE_PROCESS	890	0.282067010878883	1.38850952339308	2.61339918594672e-08	2.59235206634401e-08	5.52816738479929e-07
GO_MUSCLE_ADAPTATION	28	0.666449977740812	1.80636625727821	0.00553593285394605	0.00553602639437833	0.0481609836695034
GO_MUSCLE_ORGAN_DEVELOPMENT	276	0.385532789416128	1.67847815817028	4.65522310488797e-06	4.64537811095678e-06	8.07066132394755e-05
GO_MUSCLE_STRUCTURE_DEVELOPMENT	431	0.363548146803067	1.66147330505915	0.000769646473020469	0.000769501003821671	0.00973328143377861
GO_MUSCLE_SYSTEM_PROCESS	281	0.421460939207197	1.77944367378316	1.38162811867959e-05	1.37951352504606e-05	0.00023019170600133
GO_MUSCLE_TISSUE_DEVELOPMENT	274	0.366838589290291	1.58515071731559	0.000930089948805279	0.000929772029418574	0.0115381583566713
GO_MYELOID_LEUKOCYTE_MIGRATION	98	0.499989346187173	1.74976622884657	0.000256355355639615	0.000256181073198469	0.00358592796062407
GO_NCRNA_METABOLIC_PROCESS	532	0.329426743014876	1.61047621553325	8.21565038222616e-15	8.21565038222616e-15	2.29999273970663e-13
GO_NCRNA_PROCESSING	385	0.368168716985213	1.77975571881075	0	0	0
GO_NEGATIVE_REGULATION_OF_APOPTOTIC_SIGNALING_PATHWAY	199	0.402026127917397	1.75125448775022	5.10702591327572e-15	4.88498130835069e-15	1.37407545659179e-13
GO_NEGATIVE_REGULATION_OF_BINDING	130	0.392707756812316	1.58121961288259	0.00462206414435795	0.00461986665709846	0.0417910449364175
GO_NEGATIVE_REGULATION_OF_BIOMINERAL_TISSUE_DEVELOPMENT	19	0.764796545425592	1.80455515148122	0.000909558602956828	0.000909245411855442	0.0113549950271249
GO_NEGATIVE_REGULATION_OF_CANONICAL_WNT_SIGNALING_PATHWAY	161	0.366562368547142	1.55954631931309	0.00022818506683564	0.000227987665287088	0.00322955189172861
GO_NEGATIVE_REGULATION_OF_CATALYTIC_ACTIVITY	828	0.312809138357534	1.56393792933338	2.22044604925031e-16	0	0
GO_NEGATIVE_REGULATION_OF_CELL_ACTIVATION	157	0.428962199187127	1.71581573348504	0.00277210074445144	0.00277070685844361	0.0285629413836412
GO_NEGATIVE_REGULATION_OF_CELL_COMMUNICATION	1191	0.337336948241805	1.75119177479613	0	2.22044604925031e-16	6.52546010593114e-15
GO_NEGATIVE_REGULATION_OF_CELL_DEATH	871	0.352317520918239	1.77349193873597	0	0	0
GO_NEGATIVE_REGULATION_OF_CELL_DIFFERENTIATION	608	0.421660086232503	2.01805950469438	0	0	0
GO_NEGATIVE_REGULATION_OF_CELL_PROLIFERATION	642	0.34319660828175	1.68192843233681	0	0	0
GO_NEGATIVE_REGULATION_OF_DEVELOPMENTAL_PROCESS	800	0.393498613590717	1.9270420642172	2.22044604925031e-16	0	0
GO_NEGATIVE_REGULATION_OF_EXTRINSIC_APOPTOTIC_SIGNALING_PATHWAY	97	0.547668107113247	2.10743451552992	0	0	0
GO_NEGATIVE_REGULATION_OF_FAT_CELL_DIFFERENTIATION	40	0.663566992933938	1.98384588275692	0.000244421395520167	0.000244328277845929	0.00343630270770453
GO_NEGATIVE_REGULATION_OF_GENE_EXPRESSION	1492	0.332044377130801	1.75224432743551	2.22044604925031e-16	2.22044604925031e-16	6.52546010593114e-15
GO_NEGATIVE_REGULATION_OF_GENE_EXPRESSION_EPIGENETIC	111	0.670847278504291	2.70009156516316	0	0	0
GO_NEGATIVE_REGULATION_OF_GLUCOSE_IMPORT	13	0.859945202663136	1.8961526896748	0.000385849918369874	0.000385660170562407	0.00522498767778014
GO_NEGATIVE_REGULATION_OF_GLUCOSE_TRANSPORT	16	0.866495257533174	1.98623193935907	3.17519374514186e-05	3.17235063818089e-05	0.000511996590703128
GO_NEGATIVE_REGULATION_OF_HEMOPOIESIS	127	0.547784677444415	2.15460978568827	0	0	0
GO_NEGATIVE_REGULATION_OF_IMMUNE_SYSTEM_PROCESS	371	0.427544628070735	1.95388789265407	0	2.22044604925031e-16	6.52546010593114e-15
GO_NEGATIVE_REGULATION_OF_INTERFERON_GAMMA_PRODUCTION	34	0.736548331535797	1.84508645206687	0.0014746327409404	0.00147415606772205	0.0168105017220737
GO_NEGATIVE_REGULATION_OF_INTRACELLULAR_SIGNAL_TRANSDUCTION	436	0.321172681417105	1.53149774046021	2.60913513017158e-12	2.57671661785253e-12	6.42222154500205e-11
GO_NEGATIVE_REGULATION_OF_KINASE_ACTIVITY	249	0.372904698309702	1.64267305568083	2.26494744481887e-06	2.25942952225555e-06	4.0690396914523e-05
GO_NEGATIVE_REGULATION_OF_LEUKOCYTE_DIFFERENTIATION	81	0.593116492306042	2.02700449174506	7.35600585999308e-08	7.33129693619716e-08	1.50891885024797e-06
GO_NEGATIVE_REGULATION_OF_LYMPHOCYTE_DIFFERENTIATION	39	0.699302195340047	1.95886528905668	0.000203709563864063	0.000203588617974981	0.00289782642500775
GO_NEGATIVE_REGULATION_OF_MAPK_CASCADE	144	0.393844336748615	1.64977003775152	0.00556155103573652	0.00556517915882937	0.0482724130561015
GO_NEGATIVE_REGULATION_OF_MAP_KINASE_ACTIVITY	72	0.506168477826725	1.85216432330807	0.00120440318585768	0.00120304435485952	0.0143563293013236
GO_NEGATIVE_REGULATION_OF_MEGAKARYOCYTE_DIFFERENTIATION	17	0.754124025875495	2.0393192678124	0.000131324919618203	0.000131254537139136	0.00192865808676835
GO_NEGATIVE_REGULATION_OF_MOLECULAR_FUNCTION	1078	0.300042101810592	1.53667078301657	2.22044604925031e-16	2.22044604925031e-16	6.52546010593114e-15
GO_NEGATIVE_REGULATION_OF_MULTICELLULAR_ORGANISMAL_PROCESS	982	0.397134774390044	2.00891111540689	0	0	0
GO_NEGATIVE_REGULATION_OF_MULTI_ORGANISM_PROCESS	150	0.389689382119973	1.57319311435339	0.00074484367009986	0.000744590898472786	0.00945870631672848
GO_NEGATIVE_REGULATION_OF_MUSCLE_CELL_DIFFERENTIATION	54	0.5991713609476	1.87661312360058	1.5520665325619e-05	1.5501337949253e-05	0.000256488524555287
GO_NEGATIVE_REGULATION_OF_MUSCLE_CONTRACTION	21	0.872723579337881	2.06455583882354	7.80913071380951e-05	7.80258746133633e-05	0.00119713984763932
GO_NEGATIVE_REGULATION_OF_MYELOID_CELL_DIFFERENTIATION	83	0.578493267088117	2.13817415583849	1.28463906179377e-12	1.27398092075737e-12	3.25775121165098e-11
GO_NEGATIVE_REGULATION_OF_NEURAL_PRECURSOR_CELL_PROLIFERATION	20	0.7842130107546	2.05166439626129	0.000135577349414384	0.000135506111420547	0.00198127376277518
GO_NEGATIVE_REGULATION_OF_NITROGEN_COMPOUND_METABOLIC_PROCESS	1516	0.315312473294815	1.66299017790372	0	0	0
GO_NEGATIVE_REGULATION_OF_OSSIFICATION	68	0.533295775975123	1.81795378288183	0.000130552580344001	0.000130450684609595	0.00192162641892489
GO_NEGATIVE_REGULATION_OF_PHOSPHORUS_METABOLIC_PROCESS	540	0.3273612596167	1.56743248212508	8.1534713972764e-05	8.13784890937308e-05	0.00124212593043067
GO_NEGATIVE_REGULATION_OF_PHOSPHORYLATION	421	0.327946981472621	1.54466680999265	2.5474719256291e-07	2.53826662466317e-07	5.03138958116957e-06
GO_NEGATIVE_REGULATION_OF_PROTEIN_METABOLIC_PROCESS	1086	0.319265992357909	1.65201889503244	7.1527019296358e-07	0	0
GO_NEGATIVE_REGULATION_OF_PROTEIN_MODIFICATION_BY_SMALL_PROTEIN_CONJUGATION_OR_REMOVAL	138	0.417152244822893	1.76241365045433	3.39277875793798e-08	3.3805319099578e-08	7.13171499718596e-07
GO_NEGATIVE_REGULATION_OF_PROTEIN_MODIFICATION_PROCESS	615	0.338842913750354	1.68251661208802	0	0	0
GO_NEGATIVE_REGULATION_OF_PROTEIN_POLYMERIZATION	54	0.558981251551638	1.86047173004662	0.00276437597619872	0.00276594428933596	0.0285629413836412
GO_NEGATIVE_REGULATION_OF_PROTEIN_SERINE_THREONINE_KINASE_ACTIVITY	125	0.456528132469774	1.8410908765572	3.43962305204837e-05	3.43500531335694e-05	0.000551374358315203
GO_NEGATIVE_REGULATION_OF_RESPONSE_TO_EXTERNAL_STIMULUS	273	0.357418574030758	1.52428161455285	0.00407924833406281	0.00407812010138509	0.0384815582090762
GO_NEGATIVE_REGULATION_OF_RESPONSE_TO_STIMULUS	1359	0.341425597223266	1.76694602761011	0	2.22044604925031e-16	6.52546010593114e-15
GO_NEGATIVE_REGULATION_OF_RESPONSE_TO_WOUNDING	155	0.438268098435706	1.67218502847235	0.00398196820432384	0.00398228902941755	0.0377861923218849
GO_NEGATIVE_REGULATION_OF_SIGNAL_TRANSDUCTION_IN_ABSENCE_OF_LIGAND	31	0.659258119708834	1.83721004822074	0.00370118536099506	0.00370199293003126	0.0357314905844684
GO_NEGATIVE_REGULATION_OF_SMALL_GTPASE_MEDIATED_SIGNAL_TRANSDUCTION	39	0.544632752177621	1.75941802591359	0.0043884725211969	0.00439086645827436	0.0403372444308346
GO_NEGATIVE_REGULATION_OF_SMOOTH_MUSCLE_CELL_PROLIFERATION	35	0.712483585092233	1.983709905231	0.000180931981475063	0.000180849294161844	0.00258662658744314
GO_NEGATIVE_REGULATION_OF_SMOOTH_MUSCLE_CONTRACTION	14	0.897570800483443	1.8793622235008	0.00114933128387495	0.00114902308663045	0.0139057235633439
GO_NEGATIVE_REGULATION_OF_TRANSCRIPTION_FROM_RNA_POLYMERASE_II_PROMOTER	739	0.307919411340346	1.54595316982006	2.22044604925031e-16	0	0
GO_NEGATIVE_REGULATION_OF_TRANSFERASE_ACTIVITY	350	0.380208399796117	1.76563545434711	0	0	0
GO_NEGATIVE_REGULATION_OF_VIRAL_PROCESS	88	0.409308327480789	1.58478000227288	0.00437935533016054	0.00437852997993859	0.0403372444308346
GO_NEGATIVE_REGULATION_OF_VIRAL_TRANSCRIPTION	23	0.619263060730058	1.7911833954894	0.00328251800043855	0.00328206527073782	0.0324967404584038
GO_NEGATIVE_REGULATION_OF_WNT_SIGNALING_PATHWAY	196	0.375948246509269	1.61079145311013	5.03826557995968e-06	5.02904374088953e-06	8.66080506630742e-05
GO_NEUROGENESIS	1401	0.295923593328509	1.53267978353926	0	0	0
GO_NEURON_DIFFERENTIATION	873	0.28400522750062	1.4112509178015	0.00242134261807669	0.00243135413755902	0.0256923235967104
GO_NEUROPEPTIDE_BINDING	21	-0.939341927670035	-1.72412523583762	0.000768994376530441	0.000768690655441162	0.00973328143377861
GO_NIK_NF_KAPPAB_SIGNALING	82	0.556606073580241	2.20892508588481	0	0	0
GO_NON_CANONICAL_WNT_SIGNALING_PATHWAY	139	0.394786576952698	1.62364554140719	0.00319997970790031	0.00319901973972803	0.0319199486529957
GO_NUCLEAR_CHROMATIN	290	0.443532840742034	2.05401585076185	0	2.22044604925031e-16	6.52546010593114e-15
GO_NUCLEAR_CHROMOSOME	522	0.339187557659424	1.66993674674825	0	0	0
GO_NUCLEAR_NUCLEOSOME	40	0.773535710054377	2.4947479513847	0	0	0
GO_NUCLEAR_TRANSCRIBED_MRNA_CATABOLIC_PROCESS_NONSENSE_MEDIATED_DECAY	117	0.552583373917293	2.3304169494707	0	2.22044604925031e-16	6.52546010593114e-15
GO_NUCLEAR_TRANSPORT	354	0.305657824510287	1.45335475491311	0.00295497677629641	0.00295553525521319	0.0300525365943753
GO_NUCLEOLUS	847	0.284128966993562	1.46276696028662	1.08452136160508e-11	1.06590292148212e-11	2.55946689316865e-10
GO_ODORANT_BINDING	91	-0.873038162894432	-1.69372263327616	0.00564273004932381	0.00564209525545167	0.0486538053634351
GO_OLFACTORY_LOBE_DEVELOPMENT	35	0.640569140398622	1.85480869532622	0.00145341475688177	0.00145301247285634	0.0166659119944901
GO_OLFACTORY_RECEPTOR_ACTIVITY	424	-0.848724746817633	-2.7359744345909	0	0	0
GO_ORGANIC_CYCLIC_COMPOUND_CATABOLIC_PROCESS	426	0.29547888430098	1.41302693467782	0.00163379434958311	0.00163344956415934	0.0184474624522421
GO_ORGAN_MORPHOGENESIS	840	0.363901268696739	1.78310668753273	0	0	0
GO_ORGANONITROGEN_COMPOUND_BIOSYNTHETIC_PROCESS	1023	0.267799597026331	1.38496774720623	0	0	0
GO_ORGANONITROGEN_COMPOUND_METABOLIC_PROCESS	1795	0.232247914713611	1.23714362916292	4.80763205024104e-07	4.75896626550565e-07	9.05963717108857e-06
GO_ORGAN_OR_TISSUE_SPECIFIC_IMMUNE_RESPONSE	32	0.673674810373031	1.83484191171096	0.00319270795185012	0.00319287092412524	0.0319125017746324
GO_ORGAN_REGENERATION	82	0.494079970640231	1.73836709274122	0.00404985150756176	0.0040480507364774	0.0382589371205952
GO_OSSIFICATION	250	0.376953322043021	1.63567705268206	0.00226421495034901	0.00226658820837244	0.0244524963949087
GO_OSTEOBLAST_DIFFERENTIATION	125	0.46602663662088	1.85007767796713	2.36675616993587e-07	2.35941440940302e-07	4.70846652579176e-06
GO_OUTFLOW_TRACT_MORPHOGENESIS	55	0.568377746692064	1.78433559704086	0.000428796156294764	0.0004285278793148	0.00573001611586971
GO_PALATE_DEVELOPMENT	84	0.539548851521254	1.96206344331076	3.26578170484204e-06	3.25943860601807e-06	5.76452210950562e-05
GO_PEPTIDE_METABOLIC_PROCESS	570	0.325098128572796	1.60835827983181	0	0	0
GO_PEPTIDYL_TYROSINE_MODIFICATION	185	0.380109380099619	1.56249781188374	0.00426180063043347	0.00426255730972713	0.0397873811568889
GO_PHOSPHOLIPASE_C_ACTIVATING_G_PROTEIN_COUPLED_RECEPTOR_SIGNALING_PATHWAY	82	-0.578833653690517	-1.73909452027488	0.00581003087451482	0.0058094133724359	0.0497336301318534
GO_PHOSPHORYLATION	1227	0.276052478230224	1.44120702709051	2.22044604925031e-16	0	0
GO_PIGMENT_GRANULE	102	0.501903471232483	1.94541113056416	5.32910693351596e-07	5.31765927735961e-07	1.00036348252749e-05
GO_PLACENTA_DEVELOPMENT	137	0.392395424972187	1.57374384673423	0.00536658154404424	0.00536471323905341	0.0472270657274046
GO_PLATELET_ALPHA_GRANULE	74	0.584850413736852	2.00211668317502	3.66788033945298e-07	3.6584396745365e-07	7.10868524917338e-06
GO_PLATELET_ALPHA_GRANULE_LUMEN	54	0.603713811126436	1.80959648061672	0.0031262428592439	0.00312522586469199	0.0313472799080158
GO_PLATELET_DEGRANULATION	106	0.519263194671654	1.93832809287093	7.01942048930704e-09	6.99292368455673e-09	1.55290226333371e-07
GO_POLY_A_RNA_BINDING	1169	0.417831153203642	2.20021720506427	0	2.22044604925031e-16	6.52546010593114e-15
GO_POSITIVE_CHEMOTAXIS	35	0.687008922747823	1.81639327278449	0.00418701775046226	0.00418729989995115	0.0393233394419895
GO_POSITIVE_REGULATION_OF_BIOSYNTHETIC_PROCESS	1804	0.290190227027209	1.54507168263144	2.22044604925031e-16	0	0
GO_POSITIVE_REGULATION_OF_BLOOD_CIRCULATION	92	0.545392693714472	1.77835965463648	0.00175916451213864	0.00175814213710279	0.0196692151588375
GO_POSITIVE_REGULATION_OF_CALCIUM_ION_TRANSPORT	105	0.470860069409147	1.64767625513954	0.0051035387325078	0.00510371467016679	0.0453348008371056
GO_POSITIVE_REGULATION_OF_CANONICAL_WNT_SIGNALING_PATHWAY	118	0.467858447896668	1.84359799510137	1.74039005429449e-10	1.72892034022709e-10	3.98934861317243e-09
GO_POSITIVE_REGULATION_OF_CATALYTIC_ACTIVITY	1517	0.260647508852036	1.37340368856457	0.0035900209259464	0.00359564334573348	0.0349333309921837
GO_POSITIVE_REGULATION_OF_CELL_ACTIVATION	310	0.383030594689932	1.68678445005161	7.10476122378623e-12	7.03659353007424e-12	1.72469535195637e-10
GO_POSITIVE_REGULATION_OF_CELL_ADHESION	375	0.331984962563146	1.49256135637756	0.000315564159443782	0.000315294092274709	0.00433126093736444
GO_POSITIVE_REGULATION_OF_CELL_CELL_ADHESION	242	0.387005491435482	1.61216680114963	0.000179063887942088	0.000178886121673161	0.00256711211847689
GO_POSITIVE_REGULATION_OF_CELL_COMMUNICATION	1531	0.329102243098567	1.73269661336328	2.22044604925031e-16	0	0
GO_POSITIVE_REGULATION_OF_CELL_DEATH	604	0.318877494251863	1.57722724329767	1.06581410364015e-14	1.04360964314765e-14	2.90783120852507e-13
GO_POSITIVE_REGULATION_OF_CELL_DEVELOPMENT	471	0.299659708078948	1.42861647602493	0.00453821766499574	0.00453635515211959	0.041299783284169
GO_POSITIVE_REGULATION_OF_CELL_DIFFERENTIATION	822	0.346248920812363	1.70855076683225	2.22044604925031e-16	2.22044604925031e-16	6.52546010593114e-15
GO_POSITIVE_REGULATION_OF_CELL_DIVISION	131	0.467796648330258	1.78576444673752	0.000403480100791276	0.000403228207236039	0.00542583528298341
GO_POSITIVE_REGULATION_OF_CELL_GROWTH	147	0.438277764463306	1.79162253844737	8.19698414665782e-05	8.18908138144891e-05	0.00124672432268605
GO_POSITIVE_REGULATION_OF_CELL_MORPHOGENESIS_INVOLVED_IN_DIFFERENTIATION	161	0.414124972724116	1.71379058942853	0.0030622133268644	0.00306175969441214	0.0308631647011817
GO_POSITIVE_REGULATION_OF_CELL_PROJECTION_ORGANIZATION	302	0.328421675702137	1.47800864065307	0.00188862675506019	0.00188905995518662	0.0208573404771727
GO_POSITIVE_REGULATION_OF_CELL_PROLIFERATION	813	0.313362337116007	1.5469274687449	9.55466816776607e-11	9.41557942724103e-11	2.19833310975149e-09
GO_POSITIVE_REGULATION_OF_CELLULAR_COMPONENT_ORGANIZATION	1151	0.288724459817955	1.48666625545652	0	0	0
GO_POSITIVE_REGULATION_OF_CELLULAR_PROTEIN_CATABOLIC_PROCESS	191	0.328768139122826	1.47131698009732	0.00385278234218422	0.00385356692701699	0.037013040386812
GO_POSITIVE_REGULATION_OF_CELLULAR_RESPONSE_TO_TRANSFORMING_GROWTH_FACTOR_BETA_STIMULUS	23	0.662674157213143	1.8338044470897	0.00345234674874462	0.00345280388963287	0.0337677360530817
GO_POSITIVE_REGULATION_OF_CHEMOKINE_PRODUCTION	48	0.556522637801993	1.75308901509691	0.00440133784005681	0.00440254890069802	0.0403483707846427
GO_POSITIVE_REGULATION_OF_CHEMOTAXIS	119	0.529995823340268	1.94591961970188	2.06479178199714e-09	2.05487415971817e-09	4.63287849673863e-08
GO_POSITIVE_REGULATION_OF_CYTOKINE_BIOSYNTHETIC_PROCESS	57	0.561125078434013	1.83369729295248	0.00551297064643164	0.00551549002724605	0.048053096741803
GO_POSITIVE_REGULATION_OF_CYTOKINE_PRODUCTION	369	0.389866330501292	1.77020570232222	0	0	0
GO_POSITIVE_REGULATION_OF_DEFENSE_RESPONSE	363	0.351788922801546	1.63107975819688	2.44905721529243e-05	2.44500425184979e-05	0.000398967958996595
GO_POSITIVE_REGULATION_OF_DENDRITE_MORPHOGENESIS	31	0.600489035246883	1.79411429010548	0.00440556910117518	0.00440573881091832	0.0403483707846427
GO_POSITIVE_REGULATION_OF_DEVELOPMENTAL_PROCESS	1141	0.356055107319201	1.81553007344655	2.22044604925031e-16	0	0
GO_POSITIVE_REGULATION_OF_EPITHELIAL_CELL_MIGRATION	102	0.468381867399028	1.71304191467534	0.00481369697707956	0.00481360132548603	0.0431471062665341
GO_POSITIVE_REGULATION_OF_EPITHELIAL_CELL_PROLIFERATION	153	0.441553029297993	1.70510523808857	0.00200080158666971	0.00199984235710604	0.0218356170118769
GO_POSITIVE_REGULATION_OF_ERK1_AND_ERK2_CASCADE	171	0.573484152857545	2.236800791911	0	0	0
GO_POSITIVE_REGULATION_OF_GENE_EXPRESSION	1732	0.301373765299108	1.60412263275295	0	0	0
GO_POSITIVE_REGULATION_OF_GENE_EXPRESSION_EPIGENETIC	77	0.52061860462614	2.01584123974978	0	0	0
GO_POSITIVE_REGULATION_OF_GLUCOSE_METABOLIC_PROCESS	35	0.66335040672855	1.93390508015993	0.000615153625666665	0.0006148519767043	0.00796476014559715
GO_POSITIVE_REGULATION_OF_GROWTH	237	0.389185722933486	1.6897538149648	0.0023023559965607	0.00230298451706601	0.0246444375766466
GO_POSITIVE_REGULATION_OF_HEMOPOIESIS	162	0.409689299717346	1.68677091857859	0.000302195099871172	0.000302048473769023	0.00417845511605063
GO_POSITIVE_REGULATION_OF_I_KAPPAB_KINASE_NF_KAPPAB_SIGNALING	178	0.335399962216551	1.44978753212964	0.00484719484274354	0.00484735061407626	0.0433837879959825
GO_POSITIVE_REGULATION_OF_IMMUNE_RESPONSE	562	0.303751702187537	1.46069940673257	4.70667994578733e-07	4.68631154881827e-07	8.95858974720696e-06
GO_POSITIVE_REGULATION_OF_IMMUNE_SYSTEM_PROCESS	866	0.352585319664668	1.75077988621131	2.22044604925031e-16	0	0
GO_POSITIVE_REGULATION_OF_INFLAMMATORY_RESPONSE	112	0.541652875315137	1.87187098438381	0.000111805264132459	0.000111699087294026	0.00166617805213589
GO_POSITIVE_REGULATION_OF_INTERLEUKIN_6_SECRETION	15	0.809903103108236	1.81996705858365	0.00546342958876134	0.00546322370495989	0.0478092776669601
GO_POSITIVE_REGULATION_OF_INTERLEUKIN_8_PRODUCTION	44	0.612814442613127	1.8548050291956	0.00131743734062539	0.00131756713658093	0.0154300040774167
GO_POSITIVE_REGULATION_OF_INTRACELLULAR_SIGNAL_TRANSDUCTION	875	0.354610656928384	1.79427853506731	2.22044604925031e-16	2.22044604925031e-16	6.52546010593114e-15
GO_POSITIVE_REGULATION_OF_KINASE_ACTIVITY	481	0.363944033131809	1.76117480005339	0	0	0
GO_POSITIVE_REGULATION_OF_LEUKOCYTE_CHEMOTAXIS	80	0.605757193554332	2.01479972994568	0.000251094097156845	0.000250986370881723	0.00352155936531671
GO_POSITIVE_REGULATION_OF_LEUKOCYTE_DIFFERENTIATION	130	0.404940900905828	1.60746891131916	0.000647311105364201	0.000646912637144004	0.00825337569678106
GO_POSITIVE_REGULATION_OF_LEUKOCYTE_MIGRATION	108	0.547228145565268	1.9654689857163	0.000177968426923303	0.000177883320515937	0.00256282140070156
GO_POSITIVE_REGULATION_OF_LIPID_KINASE_ACTIVITY	31	0.640670996996244	1.91709154225149	0.00193799985549858	0.0019383870348646	0.0213222573835106
GO_POSITIVE_REGULATION_OF_LIPID_METABOLIC_PROCESS	127	0.529381970176514	2.00993213951437	2.22044604925031e-16	0	0
GO_POSITIVE_REGULATION_OF_LOCOMOTION	419	0.413830502357416	1.92131865578735	2.22044604925031e-16	0	0
GO_POSITIVE_REGULATION_OF_LYMPHOCYTE_MIGRATION	25	0.755937183140859	2.01136320032669	1.04341180229284e-06	1.04149595370195e-06	1.9225364370367e-05
GO_POSITIVE_REGULATION_OF_MAPK_CASCADE	469	0.395580686987901	1.8420504070705	0	0	0
GO_POSITIVE_REGULATION_OF_MAP_KINASE_ACTIVITY	206	0.348435003426662	1.48621411100982	0.00339655182493226	0.003393499599181	0.0332908910127541
GO_POSITIVE_REGULATION_OF_MEMBRANE_INVAGINATION	10	0.873243527915083	1.85556563325624	0.00161182441402052	0.0016116850840231	0.0182379766117326
GO_POSITIVE_REGULATION_OF_MOLECULAR_FUNCTION	1790	0.261134121587573	1.39037337159969	0	0	0
GO_POSITIVE_REGULATION_OF_MULTICELLULAR_ORGANISMAL_PROCESS	1394	0.351559126722629	1.81753933697481	0	0	0
GO_POSITIVE_REGULATION_OF_NERVOUS_SYSTEM_DEVELOPMENT	436	0.289853535157869	1.3529656627762	0.00390475877063223	0.00390605048669246	0.0373896018167661
GO_POSITIVE_REGULATION_OF_NEURON_DIFFERENTIATION	305	0.34544723769791	1.5374382933744	0.000181754690687597	0.000181624111252443	0.00259143387721783
GO_POSITIVE_REGULATION_OF_ORGANELLE_ORGANIZATION	572	0.275943530961856	1.3612691112505	0.00322786616650184	0.00322523917322726	0.0321272981387073
GO_POSITIVE_REGULATION_OF_PHOSPHOLIPID_METABOLIC_PROCESS	41	0.573576162635559	1.76923561955208	0.00548921321519436	0.00548886514559177	0.047891767230444
GO_POSITIVE_REGULATION_OF_PHOSPHORUS_METABOLIC_PROCESS	1035	0.35672264669651	1.81253776682651	0	2.22044604925031e-16	6.52546010593114e-15
GO_POSITIVE_REGULATION_OF_PROTEIN_CATABOLIC_PROCESS	262	0.339425141442088	1.57110722967095	5.28259347376547e-09	5.25041854437802e-09	1.17034801289211e-07
GO_POSITIVE_REGULATION_OF_PROTEIN_COMPLEX_ASSEMBLY	196	0.353269251745991	1.50236566357297	0.00557145251424507	0.00557560746404195	0.048291954970815
GO_POSITIVE_REGULATION_OF_PROTEIN_KINASE_B_SIGNALING	80	0.640056913947421	2.23100235197784	3.10862446895044e-15	3.10862446895044e-15	8.78595442013887e-14
GO_POSITIVE_REGULATION_OF_PROTEIN_METABOLIC_PROCESS	1491	0.294244694644762	1.53577780467472	2.22044604925031e-16	0	0
GO_POSITIVE_REGULATION_OF_PROTEIN_MODIFICATION_PROCESS	1134	0.321082531868967	1.64171780348982	2.22044604925031e-16	0	0
GO_POSITIVE_REGULATION_OF_PROTEIN_SERINE_THREONINE_KINASE_ACTIVITY	288	0.383229057617552	1.7379237137851	5.90638649100583e-14	5.81756864903582e-14	1.57634761513094e-12
GO_POSITIVE_REGULATION_OF_RESPONSE_TO_EXTERNAL_STIMULUS	295	0.341480565087323	1.49627055271816	0.00111908987805431	0.00111859603424869	0.0135928221387569
GO_POSITIVE_REGULATION_OF_RESPONSE_TO_STIMULUS	1928	0.317156389333188	1.67258540760748	0	0	0
GO_POSITIVE_REGULATION_OF_RESPONSE_TO_WOUNDING	161	0.498856248596927	1.93040281287578	2.15270179859672e-06	2.14825027566867e-06	3.88064659889139e-05
GO_POSITIVE_REGULATION_OF_SECRETION	369	0.344557406779419	1.54147595325096	0.000563559976299977	0.000563296850374262	0.00737781484514582
GO_POSITIVE_REGULATION_OF_SMOOTH_MUSCLE_CELL_PROLIFERATION	59	0.548186877573048	1.85233251782726	0.00122884889528396	0.00122856273625205	0.014601851273724
GO_POSITIVE_REGULATION_OF_STEROID_BIOSYNTHETIC_PROCESS	12	0.897132232975234	1.74464022625367	0.00383678232047513	0.00383685352787877	0.0369125306012702
GO_POSITIVE_REGULATION_OF_TRANSCRIPTION_FROM_RNA_POLYMERASE_II_PROMOTER	1003	0.321760962152816	1.62995113871373	0	0	0
GO_POSITIVE_REGULATION_OF_TRANSFERASE_ACTIVITY	615	0.324902637590548	1.62616599382901	0	0	0
GO_POSITIVE_REGULATION_OF_TRANSPORT	935	0.294800713952646	1.47899641766967	3.33066907387547e-15	3.10862446895044e-15	8.78595442013887e-14
GO_POSITIVE_REGULATION_OF_VASCULAR_ENDOTHELIAL_GROWTH_FACTOR_PRODUCTION	25	0.840221956932649	2.203345417752	4.3010428640855e-07	4.29311018956824e-07	8.28738623849006e-06
GO_POSITIVE_REGULATION_OF_VASCULATURE_DEVELOPMENT	132	0.490573782949435	1.90323470384495	1.12451635125854e-06	1.12182329026211e-06	2.05795347067649e-05
GO_POSITIVE_REGULATION_OF_VIRAL_PROCESS	91	0.432035772946315	1.71247110706296	0.00246835427679226	0.00246673949703857	0.0259271000160264
GO_POSITIVE_REGULATION_OF_WNT_SIGNALING_PATHWAY	151	0.41920621060232	1.75451262704206	4.83564901299083e-05	4.84788276300385e-05	0.00076773306919742
GO_POSTTRANSCRIPTIONAL_REGULATION_OF_GENE_EXPRESSION	447	0.347269868702609	1.67788069485381	0	0	0
GO_PRERIBOSOME	60	0.480878550593198	1.76190982887324	4.77805047244262e-05	4.77300353933785e-05	0.000757906771690018
GO_PROTEASOME_ACCESSORY_COMPLEX	23	0.640965473150525	1.91160749399855	0.00146503327545833	0.00146653757323778	0.0167703749210576
GO_PROTEASOME_COMPLEX	75	0.527750651569677	2.01916646812461	4.9960036108132e-14	4.9515946898282e-14	1.34788340243388e-12
GO_PROTEIN_BINDING_INVOLVED_IN_PROTEIN_FOLDING	13	0.767418235341464	1.90846503572406	0.00236696755697274	0.00236649791704635	0.0252326772490845
GO_PROTEIN_COMPLEX_BIOGENESIS	1131	0.27487804991965	1.4222798357949	7.03881397612349e-14	6.83897383169096e-14	1.84464924309582e-12
GO_PROTEIN_COMPLEX_SUBUNIT_ORGANIZATION	1526	0.284014351824038	1.49342779082049	2.22044604925031e-16	2.22044604925031e-16	6.52546010593114e-15
GO_PROTEIN_DIMERIZATION_ACTIVITY	1148	0.304072680273816	1.57309036185512	2.22044604925031e-16	0	0
GO_PROTEIN_DNA_COMPLEX	174	0.57636315271976	2.47317194715622	2.22044604925031e-16	0	0
GO_PROTEIN_DNA_COMPLEX_SUBUNIT_ORGANIZATION	228	0.460459187659553	2.06832809073046	2.22044604925031e-16	0	0
GO_PROTEIN_DOMAIN_SPECIFIC_BINDING	623	0.355200295020369	1.75787863749057	0	2.22044604925031e-16	6.52546010593114e-15
GO_PROTEIN_FOLDING	223	0.439335841633157	1.99608121057178	0	0	0
GO_PROTEIN_HETERODIMERIZATION_ACTIVITY	467	0.407434423459556	1.94527253318867	0	0	0
GO_PROTEIN_HETEROOLIGOMERIZATION	112	0.504901664553309	1.9823454857169	1.33226762955019e-15	1.33226762955019e-15	3.87670191514924e-14
GO_PROTEIN_HETEROTETRAMERIZATION	37	0.749109418980787	2.47096523473027	0	0	0
GO_PROTEIN_LOCALIZATION	1804	0.239216788772708	1.28515218487344	3.17523785042795e-13	3.06865644006393e-13	8.09221142475788e-12
GO_PROTEIN_LOCALIZATION_TO_ENDOPLASMIC_RETICULUM	122	0.570949455551901	2.39806948871761	0	2.22044604925031e-16	6.52546010593114e-15
GO_PROTEIN_LOCALIZATION_TO_MEMBRANE	375	0.361278570652585	1.682083835993	0	0	0
GO_PROTEIN_LOCALIZATION_TO_MITOCHONDRION	69	0.454311189558047	1.68561742766324	0.0033637959735584	0.00336356147426997	0.0330591641073423
GO_PROTEIN_LOCALIZATION_TO_ORGANELLE	555	0.335014409153296	1.66278321386805	2.22044604925031e-16	0	0
GO_PROTEIN_OLIGOMERIZATION	433	0.2985713475764	1.428236551633	0.00063307087051323	0.00063279844282238	0.00810833058948329
GO_PROTEIN_PHOSPHORYLATION	943	0.29354895140795	1.48766496830483	0	0	0
GO_PROTEIN_REFOLDING	19	0.715096498847208	1.93936368013846	0.00292963628275889	0.00292965687368452	0.0298885719392996
GO_PROTEIN_STABILIZATION	130	0.394598579547363	1.61525337293149	0.00126118941595099	0.00126102502185677	0.0148977496082158
GO_PROTEIN_TARGETING	405	0.386733099754456	1.86957037223256	0	0	0
GO_PROTEIN_TARGETING_TO_MEMBRANE	156	0.504084615815769	2.18780357909011	0	0	0
GO_PROTEIN_TARGETING_TO_MITOCHONDRION	51	0.537515014585489	1.81521489702908	0.000429851192198294	0.000429726957733245	0.00573001611586971
GO_PROTEIN_TETRAMERIZATION	134	0.458291328967736	1.85787632039245	2.56241094676035e-07	2.55335617316277e-07	5.04437288122825e-06
GO_RAS_PROTEIN_SIGNAL_TRANSDUCTION	142	0.379763098410607	1.60089978302015	0.0014446863935339	0.00144444006611644	0.0166646630284176
GO_RECEPTOR_ACTIVITY	1648	-0.28442558110688	-1.35546503795766	0.00350481750060572	0.00350519629767676	0.0342234620336804
GO_RECEPTOR_BINDING	1475	0.324527755465979	1.68289628574188	0	0	0
GO_REGENERATION	160	0.488684876434115	1.95020217469565	8.81317241407942e-12	8.73556782465812e-12	2.1234979070064e-10
GO_REGULATED_EXOCYTOSIS	223	0.433588395728578	1.79949843172634	1.04862870498046e-07	1.04536858280824e-07	2.13667550818279e-06
GO_REGULATION_OF_ANATOMICAL_STRUCTURE_MORPHOGENESIS	1020	0.336390338445774	1.7121639123765	2.22044604925031e-16	0	0
GO_REGULATION_OF_APOPTOTIC_SIGNALING_PATHWAY	362	0.333711114277774	1.5529050602928	5.16568245777504e-05	5.1568447080208e-05	0.000812306178407437
GO_REGULATION_OF_B_CELL_ACTIVATION	120	0.422234566352402	1.59639271158174	0.00466431315864335	0.00466544993660134	0.0420103853285124
GO_REGULATION_OF_BINDING	282	0.36232862960457	1.63611768672251	6.64393640881222e-07	6.62022084374492e-07	1.23361654649846e-05
GO_REGULATION_OF_BIOMINERAL_TISSUE_DEVELOPMENT	74	0.52238006695645	1.76463973295361	0.00312673564242305	0.0031257064272594	0.0313472799080158
GO_REGULATION_OF_BODY_FLUID_LEVELS	505	0.311121930633358	1.46110592386354	0.00105520593634267	0.00105505475106116	0.012929892976179
GO_REGULATION_OF_CANONICAL_WNT_SIGNALING_PATHWAY	235	0.352003327381245	1.55649112670038	1.93092818290275e-06	1.92560222300742e-06	3.48912034702602e-05
GO_REGULATION_OF_CELL_ACTIVATION	483	0.351584594584878	1.65745031275432	0	0	0
GO_REGULATION_OF_CELL_ADHESION	628	0.297165259505071	1.43192170385456	1.4033605017616e-05	1.39962099446889e-05	0.000232234865571003
GO_REGULATION_OF_CELL_ADHESION_MEDIATED_BY_INTEGRIN	38	0.632497006124134	1.97214745529504	4.9038588650907e-06	4.89574681239446e-06	8.45589953824974e-05
GO_REGULATION_OF_CELL_AGING	32	0.567181835958874	1.78477302495514	0.00524746883618443	0.00524697394768658	0.0463286623452685
GO_REGULATION_OF_CELL_CELL_ADHESION	379	0.349160884803004	1.55691721875882	0.000243512189472272	0.000243309154936755	0.00343013646351172
GO_REGULATION_OF_CELL_CYCLE	948	0.261046361993826	1.34479919563731	0.00122433324780757	0.00122409141459578	0.0145780402943897
GO_REGULATION_OF_CELL_DEATH	1471	0.312209290533723	1.6347289329565	0	0	0
GO_REGULATION_OF_CELL_DEVELOPMENT	835	0.306073050579267	1.51636581638809	2.22044604925031e-16	0	0
GO_REGULATION_OF_CELL_DIFFERENTIATION	1491	0.362921453067806	1.88350624391468	0	0	0
GO_REGULATION_OF_CELL_GROWTH	390	0.32427687700921	1.50212462307265	0.00190356174953277	0.00190326989289247	0.0209750284651414
GO_REGULATION_OF_CELL_MORPHOGENESIS	551	0.306350947564655	1.47653491517692	1.10116538645233e-05	1.097830829766e-05	0.000184754607163184
GO_REGULATION_OF_CELL_MORPHOGENESIS_INVOLVED_IN_DIFFERENTIATION	336	0.320483292694168	1.45959970802939	0.00364978800794546	0.00365470991883221	0.0354488858629587
GO_REGULATION_OF_CELL_PROJECTION_ORGANIZATION	557	0.295847494339812	1.42643778086953	0.00148638163153714	0.00148767172194431	0.0169319400029384
GO_REGULATION_OF_CELL_PROLIFERATION	1495	0.315908288859366	1.64711214845798	2.22044604925031e-16	0	0
GO_REGULATION_OF_CELLULAR_AMIDE_METABOLIC_PROCESS	353	0.315378421693503	1.47453725408832	0.00013673190107566	0.000136585801377986	0.00199212920676485
GO_REGULATION_OF_CELLULAR_AMINO_ACID_METABOLIC_PROCESS	65	0.546723945026499	2.00263698147178	4.36540803505636e-11	4.33548752454271e-11	1.02438899229895e-09
GO_REGULATION_OF_CELLULAR_COMPONENT_BIOGENESIS	766	0.300076952384459	1.50883835648708	2.22044604925031e-16	0	0
GO_REGULATION_OF_CELLULAR_COMPONENT_MOVEMENT	770	0.376150374771702	1.83968768321637	0	2.22044604925031e-16	6.52546010593114e-15
GO_REGULATION_OF_CELLULAR_LOCALIZATION	1276	0.272385215036681	1.39564064490314	8.02496469276548e-09	7.93203580595758e-09	1.74830356364893e-07
GO_REGULATION_OF_CELLULAR_PROTEIN_CATABOLIC_PROCESS	273	0.324328833857783	1.49071258224492	0.00290849477417954	0.00290770493254033	0.0297674402712578
GO_REGULATION_OF_CELLULAR_PROTEIN_LOCALIZATION	551	0.278984787854385	1.3620029010788	9.11941622055989e-05	9.10551960056072e-05	0.00136860825141252
GO_REGULATION_OF_CELLULAR_RESPONSE_TO_HEAT	75	0.485850487719343	1.83133041621633	0.00126865406109444	0.00126912482188624	0.0149635136185269
GO_REGULATION_OF_CELLULAR_RESPONSE_TO_INSULIN_STIMULUS	58	0.495931709060951	1.7081661901133	0.00430403932785006	0.00430440631974982	0.0399781888848462
GO_REGULATION_OF_CELLULAR_RESPONSE_TO_STRESS	690	0.293786068115079	1.47504747894303	8.90669760167384e-11	8.77593553383349e-11	2.05712107929978e-09
GO_REGULATION_OF_CHEMOKINE_BIOSYNTHETIC_PROCESS	11	0.807668956878818	1.74359460065001	0.00585482784716529	0.00585433646368116	0.0499733605360761
GO_REGULATION_OF_CHEMOTAXIS	179	0.424364653003313	1.71156014189565	0.00197401130879005	0.00197551998027867	0.0216500863144826
GO_REGULATION_OF_CYTOKINE_PRODUCTION	562	0.345559347410949	1.64945148342591	2.22044604925031e-16	0	0
GO_REGULATION_OF_CYTOKINE_PRODUCTION_INVOLVED_IN_INFLAMMATORY_RESPONSE	17	-0.791781264093646	-1.74342183899045	0.00520726624569778	0.00520664343689869	0.0461104089681568
GO_REGULATION_OF_DEFENSE_RESPONSE	758	0.343544527090485	1.71384025647517	0	0	0
GO_REGULATION_OF_DNA_BINDING	92	0.465958147686677	1.7780364766956	0.000286052537529113	0.000285852828351474	0.00396369168326797
GO_REGULATION_OF_EARLY_ENDOSOME_TO_LATE_ENDOSOME_TRANSPORT	15	0.659088873943326	1.79631242101548	0.00388727649927534	0.00388761600922116	0.0372794606598529
GO_REGULATION_OF_ENDOCYTOSIS	198	0.382832985724137	1.65538357236533	0.000258651404172139	0.000258343450197818	0.00360764718751421
GO_REGULATION_OF_ERK1_AND_ERK2_CASCADE	237	0.476241110624987	2.00019476080942	1.36946010087513e-12	1.355027201555e-12	3.45006279292474e-11
GO_REGULATION_OF_ESTABLISHMENT_OF_PLANAR_POLARITY	109	0.436568502379059	1.74396418036575	0.00393002253867092	0.00392879110519018	0.0374814707206755
GO_REGULATION_OF_EXTRINSIC_APOPTOTIC_SIGNALING_PATHWAY	152	0.486112346705527	2.00520349961374	5.77426995107544e-13	5.72430991496731e-13	1.47657199422323e-11
GO_REGULATION_OF_FAT_CELL_DIFFERENTIATION	105	0.474474986949927	1.75823075108806	0.00476021812844396	0.00475970127232284	0.0427288076225091
GO_REGULATION_OF_GENE_EXPRESSION_EPIGENETIC	228	0.467212050762946	2.10862878095216	0	0	0
GO_REGULATION_OF_GROWTH	632	0.312919274982666	1.54056413121135	6.83766202103087e-07	6.80086020166115e-07	1.26329186198781e-05
GO_REGULATION_OF_HEAT_GENERATION	14	0.802283929970547	1.83358395211074	0.00308226166587922	0.00308168688273092	0.0310111148488782
GO_REGULATION_OF_HEMATOPOIETIC_PROGENITOR_CELL_DIFFERENTIATION	40	0.539006028456414	1.75551763588649	0.00101186207513526	0.00101141937373117	0.0124727645942172
GO_REGULATION_OF_HEMOPOIESIS	313	0.429728352767512	1.93396983385761	2.22044604925031e-16	0	0
GO_REGULATION_OF_HOMEOSTATIC_PROCESS	446	0.339853788047676	1.59369316656545	0.000370366645500719	0.000370155838570918	0.00504967791787162
GO_REGULATION_OF_HOMOTYPIC_CELL_CELL_ADHESION	306	0.350865612579849	1.53185912014789	0.00040342963307094	0.000403240509434521	0.00542583528298341
GO_REGULATION_OF_HORMONE_LEVELS	477	0.326604702809642	1.49854060052046	0.00102817011250311	0.00102777872327209	0.0126481019132671
GO_REGULATION_OF_HORMONE_SECRETION	261	0.368878004263299	1.55981669738831	0.00367595045193891	0.00367749742480894	0.0355964366016568
GO_REGULATION_OF_IMMUNE_EFFECTOR_PROCESS	423	0.333739882727022	1.5600255793592	1.06947304823191e-05	1.06645390328675e-05	0.00017998694876328
GO_REGULATION_OF_IMMUNE_RESPONSE	857	0.312989007835123	1.56862287554104	0	0	0
GO_REGULATION_OF_IMMUNE_SYSTEM_PROCESS	1402	0.335546732164841	1.74908925141608	0	0	0
GO_REGULATION_OF_INFLAMMATORY_RESPONSE	293	0.434265923432047	1.88359964250908	1.38333788868295e-13	1.36557432028894e-13	3.66656704997581e-12
GO_REGULATION_OF_INNATE_IMMUNE_RESPONSE	356	0.318234805532052	1.47819899353424	0.00267454654783139	0.00267556069722252	0.0277759877653663
GO_REGULATION_OF_INTERLEUKIN_8_PRODUCTION	60	0.548902928522699	1.80328070403756	0.0016367789096744	0.00163644325799472	0.0184474624522421
GO_REGULATION_OF_INTRACELLULAR_SIGNAL_TRANSDUCTION	1655	0.297119950325064	1.56450039512972	0	0	0
GO_REGULATION_OF_INTRACELLULAR_TRANSPORT	620	0.27339563782459	1.34631623566363	0.0013798211638778	0.00137949069342969	0.0161040543993857
GO_REGULATION_OF_KINASE_ACTIVITY	775	0.331296029887769	1.65858617522242	0	0	0
GO_REGULATION_OF_LEUKOCYTE_CHEMOTAXIS	95	0.560045316605928	1.98860888926954	0.000828659691666012	0.000828616635436097	0.0104586291998312
GO_REGULATION_OF_LEUKOCYTE_DIFFERENTIATION	231	0.402518428940769	1.71365644370917	0.00226835277053083	0.00226848959275605	0.0244524963949087
GO_REGULATION_OF_LEUKOCYTE_MIGRATION	148	0.471527295063163	1.81658918336223	5.69564607366679e-07	5.68184499449842e-07	1.06548121849213e-05
GO_REGULATION_OF_LIPID_METABOLIC_PROCESS	281	0.343726193929899	1.53814351572691	0.00303985014043084	0.00303970141161536	0.0306931901511315
GO_REGULATION_OF_LYMPHOCYTE_CHEMOTAXIS	19	0.814238623121188	1.96378506224462	0.00328433274509254	0.00328433283454665	0.0324967404584038
GO_REGULATION_OF_LYMPHOCYTE_MIGRATION	37	0.631165215355344	1.83918623809347	0.00540702527403603	0.00540670392552445	0.0474080688959186
GO_REGULATION_OF_MAPK_CASCADE	659	0.373649836225014	1.81869134635539	2.22044604925031e-16	0	0
GO_REGULATION_OF_MAP_KINASE_ACTIVITY	318	0.366978414513003	1.68602517493547	3.50180440200631e-10	3.46871087408829e-10	7.94173454776725e-09
GO_REGULATION_OF_MEGAKARYOCYTE_DIFFERENTIATION	27	0.718232146956782	2.23105426263612	3.00026802291242e-08	2.99185219931886e-08	6.35714782063902e-07
GO_REGULATION_OF_MEMBRANE_PROTEIN_ECTODOMAIN_PROTEOLYSIS	20	0.734741540312957	1.79732594974404	0.00329464770912091	0.00329416291973028	0.0325394989412153
GO_REGULATION_OF_MRNA_METABOLIC_PROCESS	117	0.381808635783819	1.57383549687571	0.000998808898415193	0.000998350351537836	0.0123373546580209
GO_REGULATION_OF_MRNA_SPLICING_VIA_SPLICEOSOME	61	0.498084612354108	1.80961589827054	0.00438746568874271	0.00438756331505052	0.0403372444308346
GO_REGULATION_OF_MULTICELLULAR_ORGANISMAL_DEVELOPMENT	1671	0.351625762043332	1.82562062696577	0	0	0
GO_REGULATION_OF_MULTI_ORGANISM_PROCESS	469	0.297360811793634	1.42336663190064	6.31915479054612e-07	6.29267317031612e-07	1.17629178534992e-05
GO_REGULATION_OF_MUSCLE_CELL_DIFFERENTIATION	151	0.409599568456808	1.64140327360127	0.00145266851083625	0.00145233130692357	0.0166659119944901
GO_REGULATION_OF_MYELOID_CELL_DIFFERENTIATION	182	0.491316094325163	2.09571921275728	0	0	0
GO_REGULATION_OF_MYELOID_LEUKOCYTE_DIFFERENTIATION	107	0.505366273062803	1.88862910157857	0.000625558534402604	0.000625476071783648	0.00804942735517649
GO_REGULATION_OF_NERVOUS_SYSTEM_DEVELOPMENT	749	0.28824875644264	1.40780411213363	8.59983786162255e-05	8.58592591030938e-05	0.00130043754749224
GO_REGULATION_OF_NEURAL_PRECURSOR_CELL_PROLIFERATION	72	0.54669630455649	1.83446815463925	0.00393582967883577	0.00393406328877921	0.0374814707206755
GO_REGULATION_OF_NEURON_DIFFERENTIATION	553	0.302173683321764	1.43822477711313	0.000523742347383949	0.000523337255630807	0.00688497365035897
GO_REGULATION_OF_ORGAN_MORPHOGENESIS	241	0.394554131076063	1.73626116171879	1.5586211987717e-08	1.55187376282839e-08	3.39515493223234e-07
GO_REGULATION_OF_OSSIFICATION	177	0.444307667318709	1.82316439597637	0.00117018516159972	0.00117002520224663	0.014076046577741
GO_REGULATION_OF_PEPTIDE_SECRETION	208	0.368115824096202	1.52372406610342	0.00432714509734156	0.00432711704302335	0.0400631353810955
GO_REGULATION_OF_PEPTIDE_TRANSPORT	255	0.377546245983874	1.61742028041821	0.00258730121403206	0.00258710812440066	0.0270478720191765
GO_REGULATION_OF_PHOSPHORUS_METABOLIC_PROCESS	1617	0.307820985991432	1.60810448270241	0	0	0
GO_REGULATION_OF_PROTEIN_CATABOLIC_PROCESS	392	0.329990908577603	1.56501892869418	0.00261688428631679	0.00262062717661615	0.0273499023538368
GO_REGULATION_OF_PROTEIN_COMPLEX_ASSEMBLY	374	0.335920899792978	1.5707852904303	2.97994722742168e-06	2.97027447471176e-06	5.28476244642241e-05
GO_REGULATION_OF_PROTEIN_KINASE_B_SIGNALING	120	0.488097416923876	1.87784918074982	2.34382400154942e-08	2.33508692382145e-08	5.01576671236847e-07
GO_REGULATION_OF_PROTEIN_LOCALIZATION	949	0.269082036645064	1.36794786113647	2.37072425290918e-06	2.35708546381108e-06	4.23200724459941e-05
GO_REGULATION_OF_PROTEIN_LOCALIZATION_TO_CELL_SURFACE	26	0.607625124274453	1.78474045313448	0.00251893236492307	0.00251846973298819	0.0264238023317251
GO_REGULATION_OF_PROTEIN_MODIFICATION_BY_SMALL_PROTEIN_CONJUGATION_OR_REMOVAL	279	0.31981826610163	1.49508518168145	0.00167945854765283	0.00167903347068155	0.0188915251644112
GO_REGULATION_OF_PROTEIN_MODIFICATION_PROCESS	1709	0.304040958125303	1.61303902186649	4.44089209850063e-16	2.22044604925031e-16	6.52546010593114e-15
GO_REGULATION_OF_PROTEIN_SERINE_THREONINE_KINASE_ACTIVITY	469	0.380833148914869	1.81731788637064	2.22044604925031e-16	0	0
GO_REGULATION_OF_PROTEIN_UBIQUITINATION_INVOLVED_IN_UBIQUITIN_DEPENDENT_PROTEIN_CATABOLIC_PROCESS	102	0.394265574409965	1.60364323100218	0.00357361579765658	0.00357236752289902	0.0347643739007653
GO_REGULATION_OF_PROTEOLYSIS	710	0.259370217277959	1.29798940373846	0.00487140850198575	0.00486876586166995	0.0435095309302336
GO_REGULATION_OF_RESPONSE_TO_CYTOKINE_STIMULUS	143	0.407326482440427	1.66330559596381	4.44133644013078e-05	4.46182543725193e-05	0.000712324401563437
GO_REGULATION_OF_RESPONSE_TO_EXTERNAL_STIMULUS	925	0.287354091792904	1.44639120528069	0.000628521120806136	0.000627827170669115	0.00806211977639666
GO_REGULATION_OF_RESPONSE_TO_STRESS	1467	0.32090235752782	1.68858926440073	0	0	0
GO_REGULATION_OF_RESPONSE_TO_WOUNDING	412	0.435894520483213	1.94654392659781	2.22044604925031e-16	0	0
GO_REGULATION_OF_RNA_SPLICING	96	0.493620261689941	1.94358209599236	2.22044604925031e-16	0	0
GO_REGULATION_OF_RNA_STABILITY	138	0.403112657124861	1.69226750667706	0.000584795157359763	0.000584650077945059	0.00762368214221074
GO_REGULATION_OF_SECRETION	698	0.277943658871239	1.3337560238875	0.00168914980992207	0.00168776629951839	0.0189536797172151
GO_REGULATION_OF_SMOOTH_MUSCLE_CELL_PROLIFERATION	99	0.557696055658398	2.05256486233619	2.42781161841066e-09	2.41677644563509e-09	5.42809827542452e-08
GO_REGULATION_OF_STRESS_ACTIVATED_PROTEIN_KINASE_SIGNALING_CASCADE	196	0.347839716788273	1.49580995873297	0.0051235372538686	0.00512405940367544	0.045447175521788
GO_REGULATION_OF_SYMBIOSIS_ENCOMPASSING_MUTUALISM_THROUGH_PARASITISM	204	0.371639565681821	1.64644489715948	1.20798511071829e-06	1.20447199347673e-06	2.20272943203314e-05
GO_REGULATION_OF_SYSTEM_PROCESS	506	0.356636620746734	1.61354086307306	4.44693464861645e-05	4.47701981161064e-05	0.000712823612592562
GO_REGULATION_OF_TRANSCRIPTION_FROM_RNA_POLYMERASE_II_PROMOTER	1783	0.271154433468302	1.44185689893466	2.22044604925031e-16	2.22044604925031e-16	6.52546010593114e-15
GO_REGULATION_OF_TRANSFERASE_ACTIVITY	945	0.310105131102183	1.59575951123797	0	2.22044604925031e-16	6.52546010593114e-15
GO_REGULATION_OF_TRANSLATIONAL_INITIATION	81	0.490219951004485	1.90644019191725	2.00411798267908e-10	1.9915991078534e-10	4.57757818291442e-09
GO_REGULATION_OF_TRANSPORT	1803	0.251463581102615	1.31944007136579	4.45292269724007e-09	4.39765124315983e-09	9.83974465657012e-08
GO_REGULATION_OF_TUMOR_NECROSIS_FACTOR_MEDIATED_SIGNALING_PATHWAY	49	0.58024905303754	1.98782308347658	0.000115100325776329	0.000114995087374448	0.00170672357065543
GO_REGULATION_OF_VASCULAR_ENDOTHELIAL_GROWTH_FACTOR_PRODUCTION	30	0.767215898200792	2.19807282277819	2.2131368382361e-07	2.20804760475701e-07	4.42133464450836e-06
GO_REGULATION_OF_VASCULATURE_DEVELOPMENT	232	0.429857416332303	1.80081543269496	9.13202846675176e-12	9.05575614496001e-12	2.19230948968356e-10
GO_REGULATION_OF_VIRAL_TRANSCRIPTION	60	0.511208433063834	1.88872930168907	0.0014679940488781	0.00146779817744824	0.0167703749210576
GO_REGULATION_OF_WNT_SIGNALING_PATHWAY	309	0.3512775050647	1.60520426554232	3.43549362102902e-05	3.42959727247516e-05	0.000551374358315203
GO_REGULATION_OF_WOUND_HEALING	125	0.506947541304773	1.9041046768097	0.000383606787718871	0.000383472967920961	0.00520729844025085
GO_REPRODUCTION	1296	0.267001421739422	1.36475944128662	5.63483211202254e-08	5.57711954396467e-08	1.16000158965491e-06
GO_REPRODUCTIVE_SYSTEM_DEVELOPMENT	407	0.333659714314321	1.51660867534055	4.08296581233536e-06	4.07371326693884e-06	7.14048197857796e-05
GO_RESPONSE_TO_ABIOTIC_STIMULUS	1023	0.275320904874402	1.39633197903234	0.000266215361750421	0.000265918731684356	0.00370467440580068
GO_RESPONSE_TO_ACID_CHEMICAL	318	0.365905619099879	1.61172895159246	0.000239436591896069	0.000239192723519244	0.00338017085604826
GO_RESPONSE_TO_ALKALOID	136	0.430686293089754	1.6626174715243	0.00124503625224415	0.0012448552565163	0.014736192385254
GO_RESPONSE_TO_BACTERIUM	527	0.387156262356336	1.80100774003893	0	0	0
GO_RESPONSE_TO_BIOTIC_STIMULUS	885	0.330612743150484	1.64833920905058	0	0	0
GO_RESPONSE_TO_COLD	42	0.621500895581614	1.97466271181579	3.04322345011654e-05	3.04031227617019e-05	0.000492030811379104
GO_RESPONSE_TO_CORTICOSTEROID	175	0.444567082731782	1.75411377051688	0.000134556015478848	0.0001344605480601	0.00197086465853849
GO_RESPONSE_TO_CYTOKINE	713	0.320196179772037	1.57785271584028	2.22044604925031e-16	0	0
GO_RESPONSE_TO_ENDOGENOUS_STIMULUS	1449	0.321475524653722	1.67005123187148	2.22044604925031e-16	0	0
GO_RESPONSE_TO_ESTROGEN	217	0.396210158206269	1.68125536536959	1.38015885553511e-05	1.37824736703429e-05	0.00023019170600133
GO_RESPONSE_TO_EXTERNAL_STIMULUS	1820	0.302505866662099	1.58081204717839	2.22044604925031e-16	2.22044604925031e-16	6.52546010593114e-15
GO_RESPONSE_TO_EXTRACELLULAR_STIMULUS	440	0.304209081555369	1.42664545229633	0.000477777761370257	0.000477500514886264	0.00631005713967151
GO_RESPONSE_TO_FATTY_ACID	82	0.532036334070716	1.81812372727711	0.000420430900156532	0.000420266232813993	0.00564207417552785
GO_RESPONSE_TO_FIBROBLAST_GROWTH_FACTOR	115	0.456084015446834	1.75490491649663	0.000861632533326051	0.000861408378176942	0.0108032681314038
GO_RESPONSE_TO_GROWTH_FACTOR	474	0.292379696313464	1.38419393103535	0.00575821266355614	0.00575725911114722	0.0494488737134262
GO_RESPONSE_TO_HEAT	88	0.484192566610686	1.78353089895693	0.0026728273002028	0.00267514842534589	0.0277759877653663
GO_RESPONSE_TO_HORMONE	892	0.344104885554773	1.71726063218552	0	0	0
GO_RESPONSE_TO_HYDROGEN_PEROXIDE	108	0.507395582371656	2.01362575647811	7.18911741248718e-09	7.1539614232563e-09	1.58271348790918e-07
GO_RESPONSE_TO_INORGANIC_SUBSTANCE	478	0.334003702321835	1.59646357055343	7.52353734867484e-12	7.43827222038362e-12	1.81561462833909e-10
GO_RESPONSE_TO_INSULIN	204	0.402557611671626	1.74491927035961	3.64943608777146e-07	3.63729522168121e-07	7.09092504107951e-06
GO_RESPONSE_TO_INTERFERON_GAMMA	143	0.472381063867643	1.86304991248707	3.68718867036488e-05	3.68329268057854e-05	0.000589626283582045
GO_RESPONSE_TO_LIPID	887	0.369774018394101	1.84887197058428	0	0	0
GO_RESPONSE_TO_LIPOPROTEIN_PARTICLE	19	0.675131396553259	1.82224333324307	0.0054094877642058	0.00540935135192977	0.0474080688959186
GO_RESPONSE_TO_LOW_DENSITY_LIPOPROTEIN_PARTICLE	13	0.695327830237039	1.72818288249609	0.00459396113997412	0.00459346108338365	0.041655966180674
GO_RESPONSE_TO_MECHANICAL_STIMULUS	209	0.400165237036913	1.6931110673823	0.000574563700081354	0.00057438053414649	0.00750634029912239
GO_RESPONSE_TO_MOLECULE_OF_BACTERIAL_ORIGIN	320	0.372140218636109	1.64521189259679	0.00181696365637307	0.00181743382701871	0.0202558143701878
GO_RESPONSE_TO_NITROGEN_COMPOUND	858	0.333547784027465	1.66036011033804	0	0	0
GO_RESPONSE_TO_ORGANIC_CYCLIC_COMPOUND	916	0.374032936389077	1.88004173688703	2.22044604925031e-16	0	0
GO_RESPONSE_TO_OXIDATIVE_STRESS	351	0.349390032755868	1.61678514756299	1.04114761256824e-09	1.03267305817667e-09	2.35521226048247e-08
GO_RESPONSE_TO_OXYGEN_CONTAINING_COMPOUND	1380	0.336385769261848	1.74529740115309	2.22044604925031e-16	0	0
GO_RESPONSE_TO_PEPTIDE	403	0.359801050675841	1.68820386646339	2.68673971959288e-14	2.64233079860787e-14	7.25965024529149e-13
GO_RESPONSE_TO_PROGESTERONE	49	0.592546650773086	1.87132261562038	0.00434709335941208	0.00434790364752391	0.0401925928731201
GO_RESPONSE_TO_REACTIVE_OXYGEN_SPECIES	190	0.445394875288832	1.9088812014976	2.22044604925031e-16	0	0
GO_RESPONSE_TO_STEROID_HORMONE	496	0.399523290891396	1.89152048138964	0	0	0
GO_RESPONSE_TO_TEMPERATURE_STIMULUS	147	0.512434489138234	2.05001886882424	4.93716179050807e-13	4.89164264649844e-13	1.26732162775729e-11
GO_RESPONSE_TO_TOPOLOGICALLY_INCORRECT_PROTEIN	162	0.375595465127853	1.60700919814795	9.97923859404892e-05	9.97093075240096e-05	0.00149488040493483
GO_RESPONSE_TO_TUMOR_NECROSIS_FACTOR	232	0.4188266326552	1.80828030629668	4.21143567241877e-07	4.19520740035928e-07	8.12494757833517e-06
GO_RESPONSE_TO_VITAMIN	97	0.506693653044176	1.87880095550853	3.5998568015394e-08	3.58551542900543e-08	7.53723830574201e-07
GO_RESPONSE_TO_VITAMIN_A	19	0.748296556339599	1.86509939229259	0.00246425309560638	0.00246480186010312	0.0259271000160264
GO_RESPONSE_TO_VITAMIN_D	32	0.711968133507182	1.97701034281371	0.000998127540566496	0.000997914511563613	0.0123373546580209
GO_RESPONSE_TO_WOUNDING	562	0.394587731753845	1.88864075051144	0	0	0
GO_RHO_PROTEIN_SIGNAL_TRANSDUCTION	49	0.592388105614451	1.82191754697354	0.00244172927708164	0.00244250036005678	0.0257640171908132
GO_RIBONUCLEOPROTEIN_COMPLEX	720	0.390823681964795	1.98931033058977	0	2.22044604925031e-16	6.52546010593114e-15
GO_RIBONUCLEOPROTEIN_COMPLEX_BIOGENESIS	439	0.419871064183479	2.07214446665993	2.22044604925031e-16	0	0
GO_RIBONUCLEOPROTEIN_COMPLEX_SUBUNIT_ORGANIZATION	198	0.38154965255895	1.69209128279727	4.1927472750336e-06	4.18191108131349e-06	7.2868875390321e-05
GO_RIBOSOMAL_LARGE_SUBUNIT_ASSEMBLY	22	0.614017799314443	1.78823226452904	0.00583322208404713	0.00583244842149599	0.0498585713831792
GO_RIBOSOMAL_LARGE_SUBUNIT_BIOGENESIS	48	0.541877107218643	1.91252042381096	0.000153819427251123	0.000153726370197838	0.0022311097512497
GO_RIBOSOMAL_SMALL_SUBUNIT_BIOGENESIS	58	0.512584587697871	1.84489412949327	1.28705348600988e-07	1.28304734059448e-07	2.61343470375572e-06
GO_RIBOSOMAL_SUBUNIT	162	0.505058117720029	2.21982944684496	2.22044604925031e-16	0	0
GO_RIBOSOME	225	0.447705218075521	2.03441585886481	0	2.22044604925031e-16	6.52546010593114e-15
GO_RIBOSOME_ASSEMBLY	53	0.575435150629755	2.01131467896433	1.35766853315289e-09	1.35149469393525e-09	3.07049198349059e-08
GO_RIBOSOME_BIOGENESIS	307	0.451927924006246	2.12948891250693	2.22044604925031e-16	0	0
GO_RNA_BINDING	1597	0.373008028241023	1.99908383626601	0	0	0
GO_RNA_CATABOLIC_PROCESS	226	0.447006980883082	2.03902477643505	0	0	0
GO_RNA_LOCALIZATION	184	0.336401267450814	1.487270159317	0.00257413647561744	0.00257354837234625	0.0269538124742008
GO_RNA_POLYMERASE_II_DISTAL_ENHANCER_SEQUENCE_SPECIFIC_DNA_BINDING	64	0.527632368348443	1.8553103162701	1.84671929503999e-05	1.84427631989559e-05	0.000303457944892012
GO_RNA_POLYMERASE_II_TRANSCRIPTION_FACTOR_ACTIVITY_SEQUENCE_SPECIFIC_DNA_BINDING	628	0.340487019106698	1.64013937655802	1.76303416310475e-13	1.73416836446449e-13	4.63517308999628e-12
GO_RNA_PROCESSING	834	0.351621334147743	1.81095855816716	0	0	0
GO_RNA_SPLICING	366	0.375392005629788	1.80698186329483	0	0	0
GO_RNA_SPLICING_VIA_TRANSESTERIFICATION_REACTIONS	266	0.397309113796234	1.84514044921582	2.22044604925031e-16	0	0
GO_RRNA_METABOLIC_PROCESS	254	0.470021538470124	2.13623283794379	0	0	0
GO_SECRETION	587	0.320887445318757	1.533101631903	0.000395487417490625	0.000395145091695914	0.0053412404042283
GO_SECRETION_BY_CELL	485	0.332720601347364	1.56720560084719	1.97215127561989e-08	1.96155128806552e-08	4.25988362448641e-07
GO_SECRETORY_GRANULE	351	0.374270352453446	1.66615475646956	2.02093763945754e-08	2.00770076119738e-08	4.34413494373368e-07
GO_SECRETORY_VESICLE	460	0.363803936709706	1.67985271380335	8.13611400474201e-11	8.05211453069887e-11	1.8949737264079e-09
GO_SENSORY_ORGAN_DEVELOPMENT	492	0.389510947069079	1.79705346940653	0	0	0
GO_SENSORY_ORGAN_MORPHOGENESIS	238	0.441641934475449	1.79798412274076	5.23111077455063e-07	5.21596559388549e-07	9.84367692111232e-06
GO_SENSORY_PERCEPTION	937	-0.421821124634461	-1.84772565155066	2.22044604925031e-16	0	0
GO_SENSORY_PERCEPTION_OF_CHEMICAL_STIMULUS	523	-0.70346509422281	-2.4621831180827	2.22044604925031e-16	0	0
GO_SERTOLI_CELL_DIFFERENTIATION	19	0.868351796491058	1.92974110001971	0.000920889798591507	0.000920742796715501	0.0114743200426128
GO_SEXUAL_REPRODUCTION	729	0.284909887145482	1.37239286504593	0.00391220492116717	0.0039117612870766	0.0373896018167661
GO_SIDE_OF_MEMBRANE	427	0.376714840103872	1.71828662443101	1.37667655053519e-14	1.33226762955019e-14	3.69469713040045e-13
GO_SIGNALING_RECEPTOR_ACTIVITY	1392	-0.323923380804612	-1.49288677817219	4.79330566682812e-07	4.7698445237998e-07	9.05963717108857e-06
GO_SIGNAL_TRANSDUCTION_BY_PROTEIN_PHOSPHORYLATION	403	0.403212405546386	1.90428257784415	0	0	0
GO_SINGLE_ORGANISM_CELL_ADHESION	458	0.393055106415889	1.84624316033204	0	0	0
GO_SINGLE_ORGANISM_CELLULAR_LOCALIZATION	897	0.274241799208033	1.40216458590021	9.9265928810155e-11	9.74057501323955e-11	2.26525892138606e-09
GO_SKELETAL_MUSCLE_ORGAN_DEVELOPMENT	136	0.425918743016801	1.66883170593511	0.00138270939590246	0.00138328103586682	0.0161164518320815
GO_SKELETAL_SYSTEM_DEVELOPMENT	454	0.32315038686265	1.50060753915768	0.00409883235995812	0.00409836634259175	0.0386109250170486
GO_SKIN_DEVELOPMENT	210	0.418258512251402	1.63530580760184	0.00538629796850076	0.00538567448111427	0.0473410404165803
GO_SMALL_GTPASE_MEDIATED_SIGNAL_TRANSDUCTION	351	0.348616469985915	1.62947057124091	4.44089209850063e-16	4.44089209850063e-16	1.2986311695962e-14
GO_SMALL_RIBOSOMAL_SUBUNIT	67	0.471655282044474	1.77971293619243	0.000619633409042919	0.000619538063079794	0.00799041776989595
GO_SPLICEOSOMAL_COMPLEX	171	0.419055483825965	1.8105404596501	2.54194443272127e-11	2.51834109121774e-11	5.97423326338280e-10
GO_STABILIZATION_OF_MEMBRANE_POTENTIAL	15	0.933363970953806	1.6963819747676	0.00510190298126056	0.00510193040683693	0.0453348008371056
GO_STEM_CELL_DIFFERENTIATION	189	0.438119100387344	1.81953316734425	3.65878025654354e-08	3.64352775727994e-08	7.63202782349383e-07
GO_STEROID_HORMONE_MEDIATED_SIGNALING_PATHWAY	124	0.419184609956121	1.66542781119886	0.000218126156262488	0.000217965470417081	0.003095004888831
GO_STEROL_BIOSYNTHETIC_PROCESS	42	0.550569067105972	1.78488856084768	0.00205735822520636	0.00205868538325038	0.022436632027417
GO_STRAND_DISPLACEMENT	25	-0.669958595207532	-1.97294254943219	0.000586315775300439	0.000586118544621428	0.00762599613012946
GO_STRUCTURAL_CONSTITUENT_OF_RIBOSOME	211	0.405570430343537	1.82464146481593	0	0	0
GO_STRUCTURAL_MOLECULE_ACTIVITY	731	0.298285890830078	1.45946920686095	5.1461280348164e-08	5.10659554642245e-08	1.06588904214549e-06
GO_SYSTEM_PROCESS	1784	0.262739355229648	1.33147456259261	0.0022802881187699	0.00228065632141494	0.0245388650101968
GO_TAXIS	463	0.333769058426487	1.51265461557208	2.94131158798949e-05	2.95574399581389e-05	0.000480302265344178
GO_T_CELL_DIFFERENTIATION	122	0.45088094879154	1.77940344165414	0.00105294223319996	0.00105278158077216	0.0129288582071125
GO_T_CELL_DIFFERENTIATION_INVOLVED_IN_IMMUNE_RESPONSE	28	0.679022371764029	1.89866021547195	0.00575915433924379	0.00575940834854194	0.0494488737134262
GO_T_CELL_RECEPTOR_SIGNALING_PATHWAY	145	0.437172475334643	1.80090606409559	0.00200015893641237	0.00199910722164531	0.0218356170118769
GO_TELOMERE_ORGANIZATION	103	0.447558037905065	1.80373257593814	1.18203243241188e-05	1.18241555762122e-05	0.000198424110763311
GO_TERPENOID_METABOLIC_PROCESS	105	0.528819283197405	1.87628693136539	0.000179142256844345	0.000179050311970963	0.00256711211847689
GO_THYMOCYTE_AGGREGATION	44	0.606347988702231	1.92036172532895	0.000473430947618092	0.000473145331527314	0.00626652348280682
GO_TISSUE_DEVELOPMENT	1517	0.339310023709673	1.7399412277038	0	2.22044604925031e-16	6.52546010593114e-15
GO_TISSUE_MORPHOGENESIS	532	0.36134042465285	1.71147100412989	0	2.22044604925031e-16	6.52546010593114e-15
GO_TRANSCRIPTIONAL_ACTIVATOR_ACTIVITY_RNA_POLYMERASE_II_CORE_PROMOTER_PROXIMAL_REGION_SEQUENCE_SPECIFIC_BINDING	225	0.378558015508233	1.61252158630635	7.6677361390276e-06	7.6548001062271e-06	0.000130308081347215
GO_TRANSCRIPTIONAL_ACTIVATOR_ACTIVITY_RNA_POLYMERASE_II_TRANSCRIPTION_REGULATORY_REGION_SEQUENCE_SPECIFIC_BINDING	314	0.364728497461497	1.63599958317722	0.000105367065022954	0.00010529266554038	0.00157459183632158
GO_TRANSCRIPTIONAL_REPRESSOR_ACTIVITY_RNA_POLYMERASE_II_CORE_PROMOTER_PROXIMAL_REGION_SEQUENCE_SPECIFIC_BINDING	104	0.451162670281735	1.74759798520194	0.00214278391415812	0.00214198853803693	0.0232586880407797
GO_TRANSCRIPTIONAL_REPRESSOR_ACTIVITY_RNA_POLYMERASE_II_TRANSCRIPTION_REGULATORY_REGION_SEQUENCE_SPECIFIC_BINDING	167	0.461809171299062	1.9190651636326	7.57472085166633e-06	7.56136715851508e-06	0.000129089583252452
GO_TRANSCRIPTION_ELONGATION_FROM_RNA_POLYMERASE_II_PROMOTER	81	0.491244509102715	1.84917838586838	0.000151770866612333	0.000151633258673622	0.0022061518694214
GO_TRANSCRIPTION_FACTOR_ACTIVITY_DIRECT_LIGAND_REGULATED_SEQUENCE_SPECIFIC_DNA_BINDING	47	0.598008991125686	1.82354625263556	0.00123452893043585	0.00123423735887573	0.0146398395158212
GO_TRANSCRIPTION_FACTOR_ACTIVITY_PROTEIN_BINDING	587	0.277903621773583	1.37938498402326	0.00297692784466208	0.00298239653919308	0.0302178668216355
GO_TRANSCRIPTION_FACTOR_ACTIVITY_RNA_POLYMERASE_II_CORE_PROMOTER_PROXIMAL_REGION_SEQUENCE_SPECIFIC_BINDING	327	0.400204569104747	1.8270789612217	0	0	0
GO_TRANSCRIPTION_FACTOR_ACTIVITY_RNA_POLYMERASE_II_DISTAL_ENHANCER_SEQUENCE_SPECIFIC_BINDING	89	0.477613899830674	1.70657892139283	0.00429568796114921	0.00429630240768086	0.0399657611372769
GO_TRANSCRIPTION_FACTOR_BINDING	523	0.281715909894824	1.37947601200565	0.00426878139423581	0.00427039100278781	0.0397873811568889
GO_TRANSCRIPTION_FROM_RNA_POLYMERASE_II_PROMOTER	723	0.314111868832854	1.57435357053139	3.48610029732299e-14	3.37507799486048e-14	9.22990079427816e-13
GO_TRANSLATIONAL_INITIATION	145	0.577941048731506	2.51213662478483	0	0	0
GO_TRANSLATION_FACTOR_ACTIVITY_RNA_BINDING	88	0.427271352133982	1.69760105561367	0.00208572910803329	0.00208497180166811	0.0226812678314061
GO_TRANSLATION_INITIATION_FACTOR_ACTIVITY	50	0.548524397932513	1.94300701272078	7.20806823804043e-05	7.20165529635164e-05	0.00110781713113409
GO_TRANSMEMBRANE_RECEPTOR_PROTEIN_TYROSINE_KINASE_SIGNALING_PATHWAY	497	0.365475733662091	1.76799569240119	2.22044604925031e-16	0	0
GO_TRANSPORT_VESICLE	337	0.352847250848434	1.6008536357001	2.45049287894705e-06	2.44482021793946e-06	4.37622819011163e-05
GO_TROPHOBLAST_GIANT_CELL_DIFFERENTIATION	11	0.800314799592041	1.88048939225603	0.00188746528547734	0.0018880616488951	0.0208573404771727
GO_TUBE_DEVELOPMENT	551	0.350410291434645	1.69248572523061	0	0	0
GO_TUBE_MORPHOGENESIS	322	0.329053166437633	1.48250994727734	0.0032560313333253	0.00325532156199049	0.0323723644220165
GO_TUMOR_NECROSIS_FACTOR_MEDIATED_SIGNALING_PATHWAY	117	0.434900094533746	1.75867477971273	0.000456111637661238	0.000456410107625982	0.00607210474267269
GO_UNFOLDED_PROTEIN_BINDING	99	0.494624166125176	1.94621353249941	1.48981937897474e-10	1.48161816149184e-10	3.43212489409109e-09
GO_VACUOLAR_MEMBRANE	586	0.265146869620968	1.31797271186406	0.00570306487673777	0.00570590296114937	0.0491323160226083
GO_VACUOLAR_PART	693	0.264457527294157	1.33010516730651	0.00334531366129287	0.00334481140176546	0.0329846426548056
GO_VACUOLE	1179	0.262934379834757	1.35580544230766	9.4628594595747e-06	9.42187089558733e-06	0.000159919086664137
GO_VASCULATURE_DEVELOPMENT	468	0.401125112010707	1.86966594399949	0	0	0
GO_VESICLE_LUMEN	105	0.548628702010344	1.89166294967779	0.00339902219593535	0.00339840990023543	0.0332908910127541
GO_VESICLE_MEDIATED_TRANSPORT	1238	0.237928344553596	1.24155468788347	0.00459751669035191	0.00459788216519375	0.041655966180674
GO_VESICLE_MEMBRANE	511	0.301561245267026	1.44394702187929	0.000116030968305925	0.000115883517840421	0.00171490201009167
GO_VIRAL_LIFE_CYCLE	289	0.466072227444634	2.17013985332473	2.22044604925031e-16	0	0
GO_VIRION_ASSEMBLY	36	0.555166994680267	1.80173050520016	0.00175575280578777	0.001755538229128	0.0196692151588375
GO_WOUND_HEALING	469	0.39137311496186	1.84824831819381	0	0	0
