n	es	nes	pval.es	pval.nes	fdr
GO_ACTIVATING_TRANSCRIPTION_FACTOR_BINDING	56	0.580003893100971	1.68374572467225	0.00225463687471439	0.00225232409468323	0.0335636003630882
GO_AGING	263	0.445211079135284	1.59419394563301	0.00203407771589781	0.00203599858839054	0.0310437310539135
GO_ALCOHOL_BIOSYNTHETIC_PROCESS	110	0.507045001763678	1.66737977333553	0.00305444329337556	0.00305248781086553	0.0425860907079893
GO_ALCOHOL_METABOLIC_PROCESS	347	0.403766025324096	1.48967660870085	0.00116134533223156	0.00116110875053232	0.0197388487590495
GO_AMINO_ACID_ACTIVATION	51	-0.487884656967234	-1.61397192941604	0.00138332905899319	0.0013828909570246	0.0225999527672859
GO_AMINOPEPTIDASE_ACTIVITY	42	-0.555056101987601	-1.74372179141958	3.24008577294865e-05	3.23671301720729e-05	0.000938646774990115
GO_ANATOMICAL_STRUCTURE_FORMATION_INVOLVED_IN_MORPHOGENESIS	956	0.392985338019587	1.53073071676531	1.55431223447522e-15	1.55431223447522e-15	1.4146632583316e-13
GO_ANCHORED_COMPONENT_OF_MEMBRANE	151	0.505782494033856	1.66162353809966	0.00275239522920889	0.00275231270375242	0.0392353782057815
GO_ANCHORED_COMPONENT_OF_PLASMA_MEMBRANE	42	0.702275372737557	1.8228320980461	0.00146952304728531	0.0014695319029725	0.0236886941089518
GO_ANDROGEN_METABOLIC_PROCESS	29	0.702984968009761	1.76821709308876	0.00332816603191921	0.00332825998562203	0.0443468154840989
GO_ANGIOGENESIS	292	0.424113522380978	1.54542787216171	0.000714680573901005	0.000714227486882102	0.0138992428039293
GO_APOPTOTIC_MITOCHONDRIAL_CHANGES	56	0.614644287584	1.79361650278515	0.00266320847782497	0.00266231314992305	0.0383686731518317
GO_APOPTOTIC_SIGNALING_PATHWAY	288	0.444092240495658	1.6151595180494	3.88610240138476e-05	3.85314632377343e-05	0.00110121805079438
GO_AU_RICH_ELEMENT_BINDING	22	0.721515794265955	1.78397758949544	0.00303240274958527	0.00303214255303674	0.0424069866282869
GO_BEHAVIOR	515	0.397866612624516	1.49241702873	2.76764825440923e-05	2.76371010181631e-05	0.000805424086815038
GO_BIOLOGICAL_ADHESION	1031	0.388908693870711	1.52007206765019	7.0970416210514e-09	7.02953439901677e-09	3.58506254349855e-07
GO_BLOOD_VESSEL_MORPHOGENESIS	363	0.45985007107016	1.69887973355837	7.970291093784e-13	7.85815856829686e-13	5.66937391342003e-11
GO_CALCIUM_ION_IMPORT	64	0.614725810693145	1.77141729912534	0.00379040119762897	0.00379100940506838	0.0492914541546913
GO_CALCIUM_ION_IMPORT_INTO_CYTOSOL	41	0.685760379042111	1.84205804560814	0.000499348936639166	0.000499104275973439	0.0102881564343514
GO_CALCIUM_ION_TRANSPORT	222	0.447773665435237	1.56459108901591	0.00222497721717829	0.00222529181247688	0.0333286743357297
GO_CALMODULIN_BINDING	178	0.478491204665979	1.64712292024433	0.000771625715410451	0.000771445897387868	0.0145810668656442
GO_CAMP_METABOLIC_PROCESS	33	0.709250423280666	1.89279848332967	0.000482554476963881	0.000482445322604663	0.0100145492229094
GO_CCR_CHEMOKINE_RECEPTOR_BINDING	34	0.806696023420471	2.01340541539758	9.48395501154664e-06	9.47335744094779e-06	0.000299702580859076
GO_CELL_ACTIVATION	567	0.386289968227689	1.46574257276566	6.60583905492951e-05	6.59795418803677e-05	0.00180710634150118
GO_CELL_CELL_SIGNALING	766	0.40167445306201	1.53750808101423	9.59903023733943e-09	9.53325929309301e-09	4.62284934245395e-07
GO_CELL_CHEMOTAXIS	161	0.572137568716043	1.91076192087313	9.03358465809134e-09	8.9835521244197e-09	4.42889119733891e-07
GO_CELL_DEATH	1000	0.361249839522534	1.41819910012523	0.000941717684109777	0.000944978135766883	0.017155571762087
GO_CELL_DEVELOPMENT	1425	0.366984164075036	1.44742942543459	5.71875879984418e-13	5.57554002966754e-13	4.0722092364831e-11
GO_CELL_JUNCTION	1150	0.341842572285427	1.34218139548476	0.000570810739915606	0.00057041521866108	0.0115173257119418
GO_CELL_MORPHOGENESIS_INVOLVED_IN_DIFFERENTIATION	512	0.374871377586378	1.41552802626945	0.00228370938833755	0.00228365198911851	0.0339449376070982
GO_CELL_MOTILITY	834	0.415203163517973	1.61385395318862	0	0	0
GO_CELL_PROJECTION_ORGANIZATION	901	0.365029768580563	1.42341156128178	0.000110507442731445	0.000110370926923675	0.00280237941493761
GO_CELL_PROLIFERATION	671	0.386061653847275	1.48826444647229	1.87108086088239e-05	1.86741181682493e-05	0.000555156196398807
GO_CELLULAR_HOMEOSTASIS	675	0.363870857094798	1.39173238800588	0.00210871026276349	0.00210747948089962	0.0318392521625598
GO_CELLULAR_HORMONE_METABOLIC_PROCESS	103	0.575789327899023	1.82617477385371	0.000104361523544094	0.000104290956714603	0.00267093203430127
GO_CELLULAR_RESPONSE_TO_ABIOTIC_STIMULUS	262	0.448783609513873	1.61648224836588	0.000144889199623854	0.000144754698127803	0.00358313302980786
GO_CELLULAR_RESPONSE_TO_ARSENIC_CONTAINING_SUBSTANCE	13	0.824936070651902	1.84067239953276	0.00207216932018928	0.00207196782773156	0.0314301581252818
GO_CELLULAR_RESPONSE_TO_CORTICOSTEROID_STIMULUS	57	0.671228119198928	1.88991249294905	0.000494302567659033	0.000494161994858633	0.0102218963691737
GO_CELLULAR_RESPONSE_TO_CYTOKINE_STIMULUS	605	0.379440339315946	1.44561836478382	0.000174006015180694	0.000173834927022498	0.00414680414623024
GO_CELLULAR_RESPONSE_TO_ENDOGENOUS_STIMULUS	1007	0.391602933080859	1.53608666984861	1.72528658026749e-12	1.69009251038688e-12	1.16262642923823e-10
GO_CELLULAR_RESPONSE_TO_EXTERNAL_STIMULUS	263	0.516341154553451	1.87503310239509	1.73194791841524e-14	1.68753899743024e-14	1.33113076117297e-12
GO_CELLULAR_RESPONSE_TO_EXTRACELLULAR_STIMULUS	187	0.540831083102911	1.90771744417318	1.37001521238744e-13	1.35669253609194e-13	1.00327413043999e-11
GO_CELLULAR_RESPONSE_TO_HORMONE_STIMULUS	551	0.437929969649934	1.66347042787728	0	0	0
GO_CELLULAR_RESPONSE_TO_INTERFERON_GAMMA	121	0.494766593562478	1.6193037606489	0.00211666118975906	0.00211598815834579	0.0318392521625598
GO_CELLULAR_RESPONSE_TO_INTERLEUKIN_1	87	0.667666362015773	2.05719549115147	1.13242748511766e-14	1.13242748511766e-14	9.17731644103572e-13
GO_CELLULAR_RESPONSE_TO_LIPID	456	0.407397287920359	1.54098194336118	1.46742074269568e-07	1.45958976016658e-07	6.03841470010174e-06
GO_CELLULAR_RESPONSE_TO_NITROGEN_COMPOUND	504	0.372044081931546	1.41369263606506	0.00139159051966398	0.00138934131762225	0.0226428188293477
GO_CELLULAR_RESPONSE_TO_ORGANIC_CYCLIC_COMPOUND	464	0.44405659117222	1.66300273010309	5.35692998848702e-08	5.32501529537655e-08	2.3163816534888e-06
GO_CELLULAR_RESPONSE_TO_ORGANIC_SUBSTANCE	1847	0.366662428787584	1.4552247360606	0	0	0
GO_CELLULAR_RESPONSE_TO_OXIDATIVE_STRESS	183	0.465109296447675	1.620068775905	0.000146087675177764	0.000145944338409421	0.00359752794179222
GO_CELLULAR_RESPONSE_TO_OXYGEN_CONTAINING_COMPOUND	798	0.386506119851714	1.49701532435698	4.08084650282969e-06	4.06596377133805e-06	0.00013745280954992
GO_CELLULAR_RESPONSE_TO_OXYGEN_LEVELS	142	0.530401152833378	1.79491827976236	1.31434614529802e-05	1.31257580207045e-05	0.000404437419012957
GO_CELLULAR_RESPONSE_TO_PEPTIDE	273	0.403544275950173	1.46477584107158	0.00319068100526687	0.00319128952230407	0.0430650896149097
GO_CELLULAR_RESPONSE_TO_STARVATION	116	0.569907328735328	1.87218578060257	5.88931658995762e-09	5.86069881514106e-09	3.01494732090213e-07
GO_CELLULAR_RESPONSE_TO_STEROID_HORMONE_STIMULUS	217	0.456540853592203	1.61132868854804	0.00184918884655838	0.00184829379892049	0.028850939615867
GO_CENTRAL_NERVOUS_SYSTEM_DEVELOPMENT	871	0.375341435381215	1.44959551775596	8.84326101235899e-09	8.76809036487458e-09	4.35899349568051e-07
GO_CHEMICAL_HOMEOSTASIS	873	0.345687293932234	1.34488721119611	0.000684642000467917	0.000684298041990661	0.0134943573880558
GO_CHEMOKINE_ACTIVITY	47	0.796672532694011	2.1171817810811	4.00090001129172e-08	3.98979326243776e-08	1.77470804064525e-06
GO_CHEMOKINE_MEDIATED_SIGNALING_PATHWAY	71	0.64869815365219	1.85642655138236	0.000381153081616903	0.000381038498912467	0.00810871855959049
GO_CHEMOKINE_RECEPTOR_BINDING	56	0.745505790560856	2.03639681687001	2.58920164752929e-07	2.58351761872611e-07	1.01893934882558e-05
GO_CHROMATIN_ASSEMBLY_OR_DISASSEMBLY	176	-0.392783411793315	-1.56462905952286	3.66468867019076e-06	3.65700389914903e-06	0.000125056850100379
GO_CIRCADIAN_RHYTHM	136	0.521687550456272	1.70496441117003	0.00146693585387969	0.00146708003011331	0.0236886941089518
GO_CIRCULATORY_SYSTEM_DEVELOPMENT	787	0.44051305689508	1.71590851124376	0	0	0
GO_CIRCULATORY_SYSTEM_PROCESS	365	0.391381645279707	1.42798219818927	0.0037096643862613	0.00370812391237607	0.0483199582943102
GO_COGNITION	250	0.476243938584407	1.6893504830152	6.72309931842863e-05	6.71444651426656e-05	0.00183053758425811
GO_COLLAGEN_BINDING	64	0.600948289317234	1.76960039838343	1.81687403788544e-06	1.81294164403045e-06	6.38414450362152e-05
GO_CORE_PROMOTER_BINDING	151	0.535216109461453	1.84090320432372	3.61326524256356e-11	3.58562068925039e-11	2.23289810501109e-09
GO_CORE_PROMOTER_PROXIMAL_REGION_DNA_BINDING	370	0.394717713897955	1.4581978388193	0.00370739328703329	0.0037067557441014	0.0483199582943102
GO_CORE_PROMOTER_SEQUENCE_SPECIFIC_DNA_BINDING	100	0.603786185732385	1.94529171639198	6.21488808821846e-05	6.20914283216978e-05	0.0017165088315475
GO_CYTOKINE_ACTIVITY	218	0.632366418576067	2.14391951316096	0	0	0
GO_CYTOKINE_MEDIATED_SIGNALING_PATHWAY	451	0.417458266184262	1.56783225435415	2.17102755439846e-07	2.16271870745466e-07	8.70383936959303e-06
GO_CYTOKINE_RECEPTOR_BINDING	270	0.54175915382354	1.90468452569203	9.00926794278334e-08	8.96682316176012e-08	3.87209677554546e-06
GO_CYTOSOLIC_CALCIUM_ION_TRANSPORT	52	0.629283319992974	1.78447822770519	0.00106290576909374	0.00106273029642456	0.0185460543765419
GO_DEFENSE_RESPONSE	1230	0.349890489938714	1.36922880155908	0.000974132626398783	0.00097327718208351	0.0175545969792867
GO_DEVELOPMENTAL_GROWTH	332	0.427477955616964	1.55844878279602	0.00124710551481322	0.00124691114553566	0.0211367516819167
GO_DEVELOPMENTAL_PROCESS_INVOLVED_IN_REPRODUCTION	601	0.40409116475419	1.53120519571081	1.74474606762232e-07	1.7369618665608e-07	7.08680441556808e-06
GO_DNA_PACKAGING_COMPLEX	107	-0.574855647407144	-2.12366658988291	0	0	0
GO_DNA_REPLICATION_DEPENDENT_NUCLEOSOME_ORGANIZATION	31	-0.656289233774388	-1.95929570301989	0.00017788892156545	0.000177790286747803	0.00421312892667126
GO_DOUBLE_STRANDED_DNA_BINDING	763	0.366383653616992	1.41883447947666	9.66917606041173e-05	9.65897009804761e-05	0.00250624855701972
GO_EMBRYO_DEVELOPMENT	893	0.377843684153299	1.46918590056452	1.15216503004945e-10	1.13708042981386e-10	6.66036418096913e-09
GO_EMBRYO_DEVELOPMENT_ENDING_IN_BIRTH_OR_EGG_HATCHING	553	0.369278661318788	1.38981822473112	0.00126782486007881	0.00126649077421537	0.0212599424982797
GO_EMBRYO_IMPLANTATION	38	0.716953602928785	1.96155915939375	8.45932189320608e-05	8.45277329070138e-05	0.00224482003357732
GO_EMBRYONIC_ORGAN_DEVELOPMENT	405	0.434341278886883	1.62057189450768	4.88070027004905e-06	4.86803503851885e-06	0.000161793793752121
GO_EMBRYONIC_PLACENTA_DEVELOPMENT	82	0.63173936369979	1.96028424368488	9.81538126032522e-06	9.80113258930437e-06	0.000308422874459174
GO_ENDODERM_DEVELOPMENT	70	0.66728356985257	1.99603174226173	2.88480100363309e-07	2.87688985411982e-07	1.11239741025967e-05
GO_ENDOPLASMIC_RETICULUM_GOLGI_INTERMEDIATE_COMPARTMENT	104	0.591538576451275	1.88805789937895	1.45618518687662e-07	1.45174362198297e-07	6.03841470010174e-06
GO_ENDOPLASMIC_RETICULUM_GOLGI_INTERMEDIATE_COMPARTMENT_MEMBRANE	62	0.619335153464897	1.83111119013707	0.00170539382655055	0.00170677874964353	0.0268545294757743
GO_ENDOTHELIAL_CELL_MIGRATION	56	0.609052476345551	1.82155182914165	1.76121501227477e-05	1.7592267289257e-05	0.000528303823772814
GO_ENZYME_LINKED_RECEPTOR_PROTEIN_SIGNALING_PATHWAY	688	0.361382010446991	1.39398289791112	0.000144049995753015	0.000143854717488789	0.00357581726329277
GO_EPITHELIAL_CELL_PROLIFERATION	88	0.564144949361098	1.79457605834365	0.00062937339949265	0.000629231737457214	0.012491728049654
GO_EPITHELIUM_DEVELOPMENT	944	0.367562101103207	1.42607923066727	0.0003841987235782	0.000384105947631164	0.00814469815837263
GO_ESTROGEN_METABOLIC_PROCESS	22	0.797701921037313	1.94551440704334	0.000165954060879936	0.000165871025955333	0.00399455772199219
GO_EXTRACELLULAR_SPACE	1375	0.420733893440693	1.65470821195927	0	0	0
GO_EXTRINSIC_APOPTOTIC_SIGNALING_PATHWAY	98	0.576240990044075	1.84040457949075	8.24268596943956e-06	8.22941752565143e-06	0.00026316342746894
GO_FAT_CELL_DIFFERENTIATION	105	0.531458117548099	1.70732978594665	0.0015922685973484	0.00159203813962672	0.0253185420269668
GO_FOREBRAIN_DEVELOPMENT	356	0.421989860268704	1.56268412896944	0.000156014469260168	0.000155897661171966	0.00382693179872761
GO_FOREBRAIN_GENERATION_OF_NEURONS	65	0.669621664636688	1.97269104706049	1.46109679899364e-06	1.45808826734761e-06	5.16529951474759e-05
GO_GLIAL_CELL_DIFFERENTIATION	135	0.497883682986038	1.6395036412369	0.000760703538620344	0.000760379766255426	0.0144885074832195
GO_GLIOGENESIS	174	0.532274126512139	1.8188452817906	1.27124062369033e-05	1.30504966794343e-05	0.000404223761023733
GO_GLUCOCORTICOID_RECEPTOR_BINDING	13	0.807316466730052	1.79870510272549	0.00187536474377614	0.00187567648749798	0.0291246774279214
GO_G_PROTEIN_COUPLED_RECEPTOR_BINDING	258	0.483672814892076	1.69623477825918	3.17014147377392e-07	3.16067505279349e-07	1.20635829756944e-05
GO_G_PROTEIN_COUPLED_RECEPTOR_SIGNALING_PATHWAY	1192	0.378147681508105	1.46838015405396	0.000812573138447736	0.000812583345024209	0.0152127945226684
GO_GRANULOCYTE_MIGRATION	74	0.764429169947567	2.24672103972378	0	0	0
GO_GROWTH	409	0.423852491346406	1.58850690806075	0.000399327513437187	0.000399268710854606	0.00843597747648517
GO_GROWTH_FACTOR_ACTIVITY	159	0.543462694695831	1.80437982819896	3.88517068516947e-08	3.86934972951281e-08	1.73417219695438e-06
GO_GROWTH_FACTOR_RECEPTOR_BINDING	128	0.499117525074261	1.64355573144332	0.00184065415770363	0.00184035068491928	0.0288029488147684
GO_HEAD_DEVELOPMENT	708	0.41460352357456	1.59606623452821	3.33066907387547e-15	3.10862446895044e-15	2.70450328798688e-13
GO_HEART_DEVELOPMENT	465	0.390484387745998	1.46085667980022	0.000576335530860672	0.000575863444372104	0.0115877827785897
GO_HINDBRAIN_DEVELOPMENT	136	0.510171396922538	1.68219613141401	0.00136997279664819	0.00137025530196111	0.0224554857795067
GO_HISTONE_ACETYLTRANSFERASE_BINDING	27	0.726340397383127	1.89800413171432	0.000185033892831754	0.000184929119632082	0.00434143123707698
GO_HISTONE_DEACETYLASE_BINDING	104	0.503872710485953	1.64386443104328	0.00156972610723216	0.00156942118023273	0.0250937721682617
GO_HORMONE_BIOSYNTHETIC_PROCESS	48	0.645710523451638	1.80795340071294	0.00252635103090892	0.00252473725539126	0.0366986378449502
GO_HORMONE_METABOLIC_PROCESS	163	0.515136646209652	1.70382047222589	0.000724866667921376	0.000725135730146764	0.01406525567065
GO_HORMONE_RECEPTOR_BINDING	167	0.488970270642591	1.68204287011392	0.000506444585801957	0.000506320166635432	0.0103646716464194
GO_HORMONE_TRANSPORT	77	0.61048253220417	1.82788521687731	0.000747342821261654	0.000747246638483245	0.0143529581599574
GO_HUMORAL_IMMUNE_RESPONSE	186	0.564542254516867	1.83409064130422	1.66449306115979e-07	1.65915552630125e-07	6.81636395388763e-06
GO_IMMUNE_RESPONSE	1099	0.390375353596055	1.52723911447581	2.39663844325833e-12	2.35045316543392e-12	1.59830815249506e-10
GO_IMMUNE_SYSTEM_PROCESS	1983	0.332775303316826	1.32231150268217	1.81160994857654e-05	1.80663871520714e-05	0.000539801749452801
GO_INACTIVATION_OF_MAPK_ACTIVITY	25	0.770767146947279	1.99215392168285	8.46667155458558e-05	8.46171175604704e-05	0.00224482003357732
GO_INFLAMMATORY_RESPONSE	453	0.440394145599454	1.65138595945929	6.59949872527932e-12	6.50635101351327e-12	4.27684139954939e-10
GO_INTERACTION_WITH_SYMBIONT	51	0.595317465773176	1.72684130138443	0.00263521812932965	0.00263509119488536	0.0381154022223516
GO_INTERSTRAND_CROSS_LINK_REPAIR	43	-0.557795333660002	-1.70238270003725	0.00273492997482305	0.00273430641648131	0.0390907809883063
GO_INTRACELLULAR_SIGNAL_TRANSDUCTION	1571	0.383393959730872	1.52643747677876	0	0	0
GO_INTRINSIC_APOPTOTIC_SIGNALING_PATHWAY	151	0.48583737061219	1.66502371347246	0.00156282701865007	0.00156400965191461	0.0250937721682617
GO_INTRINSIC_APOPTOTIC_SIGNALING_PATHWAY_IN_RESPONSE_TO_DNA_DAMAGE	70	0.592321175743317	1.83095417016728	0.00200145428413889	0.00200240639227123	0.0307694447186405
GO_INTRINSIC_COMPONENT_OF_PLASMA_MEMBRANE	1648	0.344540561997045	1.3631441601921	1.08967960654738e-07	1.07911993230125e-07	4.56005251392444e-06
GO_IN_UTERO_EMBRYONIC_DEVELOPMENT	310	0.441169670239404	1.59595322351662	0.000207216568858359	0.000207232389786371	0.0047703767236427
GO_LABYRINTHINE_LAYER_DEVELOPMENT	43	0.677614987827784	1.88071252148993	0.000546846457831762	0.00054670387733069	0.0111527590975461
GO_LEARNING	130	0.527944853545131	1.73937362391505	0.000874622919763923	0.000875894586163217	0.0161638258352592
GO_LEUKOCYTE_ACTIVATION	413	0.383458158231185	1.43219847182132	0.00130387684735089	0.00130333920964543	0.0215874385175699
GO_LEUKOCYTE_CHEMOTAXIS	116	0.589141673673781	1.87071565583588	1.25169952180926e-09	1.24535903811562e-09	6.69776733590184e-08
GO_LEUKOCYTE_DIFFERENTIATION	291	0.408383563857625	1.48331306237647	0.00306714391578977	0.00306704619182974	0.0425860907079893
GO_LEUKOCYTE_MIGRATION	258	0.514494207997219	1.83107458839513	1.25811389550812e-06	1.2548161021364e-06	4.47198316881865e-05
GO_LOCOMOTION	1113	0.407413893019246	1.59634843428742	2.22044604925031e-16	0	0
GO_LONG_TERM_MEMORY	27	0.714399513358835	1.78632564277135	0.000727909944196581	0.000727649338041036	0.0140678872021267
GO_LYMPHOCYTE_CHEMOTAXIS	37	0.741242384526681	1.88438961113826	0.000410621995419747	0.000410441118877558	0.00861053070666537
GO_LYMPHOCYTE_DIFFERENTIATION	208	0.461390175928183	1.60482993046188	0.00370570126772229	0.00370563969662352	0.0483199582943102
GO_LYMPHOCYTE_MIGRATION	48	0.762089228856215	2.0379309138047	7.23520669887456e-06	7.2264707342562e-06	0.000232346743825324
GO_MAP_KINASE_PHOSPHATASE_ACTIVITY	13	0.841900406999968	1.88530524263181	0.00362837509786551	0.00362868680124107	0.0477051358136492
GO_MEMBRANE_MICRODOMAIN	287	0.421196531519697	1.52988872413487	0.000445435420737161	0.000445211673794077	0.00930696912426063
GO_MEMORY	97	0.57669214534511	1.82029596766757	0.00106095608621137	0.00106055729895027	0.0185460543765419
GO_MITOCHONDRIAL_TRANSLATION	106	-0.43161776264796	-1.64208357918838	1.86088588982614e-09	1.84999038310707e-09	9.85994874455984e-08
GO_MONOCYTE_CHEMOTAXIS	40	0.788515301785113	2.10108889447449	1.9961370112398e-08	1.98924006156176e-08	9.12274744511579e-07
GO_MOTOR_NEURON_AXON_GUIDANCE	26	0.708433757270501	1.78426979939994	0.000945562631851304	0.000945354360115003	0.017155571762087
GO_MOVEMENT_OF_CELL_OR_SUBCELLULAR_COMPONENT	1274	0.381273762885945	1.49600789947613	2.22044604925031e-16	0	0
GO_MULTI_MULTICELLULAR_ORGANISM_PROCESS	212	0.563840530177022	1.9556544881466	0	0	0
GO_MUSCLE_ORGAN_DEVELOPMENT	276	0.531554627539478	1.90290099716329	0	0	0
GO_MUSCLE_STRUCTURE_DEVELOPMENT	431	0.491278897281258	1.8407504191718	0	0	0
GO_MUSCLE_SYSTEM_PROCESS	281	0.461921899381661	1.65500398689947	9.23936855736773e-05	9.23064397153617e-05	0.00241630485555787
GO_MUSCLE_TISSUE_DEVELOPMENT	274	0.47161737502491	1.70180329700536	2.34472229743155e-07	2.33638593361007e-07	9.33922917786297e-06
GO_MYELOID_LEUKOCYTE_MIGRATION	98	0.656669158865273	2.03410675876688	4.23535650995177e-11	4.20580237303625e-11	2.59182571238359e-09
GO_NEGATIVE_REGULATION_OF_APOPTOTIC_SIGNALING_PATHWAY	199	0.477283673122058	1.67032242655482	1.66475175372716e-05	1.66241833489122e-05	0.0005017789218988
GO_NEGATIVE_REGULATION_OF_BIOMINERAL_TISSUE_DEVELOPMENT	19	0.850875711298172	1.82178480551064	0.00273569869037904	0.00273556175273137	0.0390907809883063
GO_NEGATIVE_REGULATION_OF_CATALYTIC_ACTIVITY	828	0.355095562933275	1.37636362941439	0.00225063643316059	0.0022503841129522	0.0335636003630882
GO_NEGATIVE_REGULATION_OF_CELL_COMMUNICATION	1191	0.39148003084326	1.54240532026552	2.22044604925031e-16	0	0
GO_NEGATIVE_REGULATION_OF_CELL_DEATH	871	0.431314410898912	1.66687079775323	0	0	0
GO_NEGATIVE_REGULATION_OF_CELL_PROLIFERATION	642	0.451634582351384	1.72953089332515	0	2.22044604925031e-16	2.11873529473627e-14
GO_NEGATIVE_REGULATION_OF_CELLULAR_RESPONSE_TO_INSULIN_STIMULUS	30	0.705638800481877	1.86300446642404	0.000223874170842131	0.000223722481086708	0.00509054691580371
GO_NEGATIVE_REGULATION_OF_EXTRINSIC_APOPTOTIC_SIGNALING_PATHWAY	97	0.525134715362584	1.70185376392092	0.00142584897991238	0.00142570108255902	0.0231715593527998
GO_NEGATIVE_REGULATION_OF_FAT_CELL_DIFFERENTIATION	40	0.683080771584189	1.82320452034329	0.00108404483808666	0.00108502531304067	0.0188240755189108
GO_NEGATIVE_REGULATION_OF_GENE_EXPRESSION	1492	0.34195540003366	1.35727450840284	2.38863923096577e-06	2.37635652255985e-06	8.31865395707934e-05
GO_NEGATIVE_REGULATION_OF_GLUCOSE_TRANSPORT	16	0.831194810871116	1.79268909562644	0.00212045673833361	0.00212046405545108	0.0318392521625598
GO_NEGATIVE_REGULATION_OF_HORMONE_SECRETION	73	0.636507705488949	1.95371970572826	9.78018375730194e-07	9.75884528409132e-07	3.49898961822329e-05
GO_NEGATIVE_REGULATION_OF_IMMUNE_SYSTEM_PROCESS	371	0.400384042129096	1.48048931751409	0.00107665607939345	0.00107674971368721	0.0187354450181574
GO_NEGATIVE_REGULATION_OF_INTRACELLULAR_SIGNAL_TRANSDUCTION	436	0.394498447727542	1.47251409700687	6.3102435651663e-05	6.30065839283267e-05	0.00173370674660456
GO_NEGATIVE_REGULATION_OF_KINASE_ACTIVITY	249	0.479050333604688	1.72721322072316	7.74492026067719e-10	7.69870167616205e-10	4.25659057160511e-08
GO_NEGATIVE_REGULATION_OF_LIPID_METABOLIC_PROCESS	79	0.600642163422386	1.84805695486255	0.000266018376907651	0.00026588580911957	0.005913460326133
GO_NEGATIVE_REGULATION_OF_MAPK_CASCADE	144	0.513895815217829	1.73263899563341	2.75456422893505e-07	2.7467898577882e-07	1.06907952622862e-05
GO_NEGATIVE_REGULATION_OF_MAP_KINASE_ACTIVITY	72	0.634505335308269	1.97084396587245	3.06061419985681e-07	3.05416871904107e-07	1.1732767624576e-05
GO_NEGATIVE_REGULATION_OF_MOLECULAR_FUNCTION	1078	0.351242167016323	1.38460627913719	9.91559122558439e-05	9.90228046244823e-05	0.00255816118846479
GO_NEGATIVE_REGULATION_OF_MULTICELLULAR_ORGANISMAL_PROCESS	982	0.366606119090807	1.42878202195198	0.00103896154215488	0.00104106506025015	0.0183503263314284
GO_NEGATIVE_REGULATION_OF_MULTI_ORGANISM_PROCESS	150	0.47554532835756	1.59775369338919	0.00125431389290787	0.00125417996108801	0.0211388280620987
GO_NEGATIVE_REGULATION_OF_MUSCLE_CELL_DIFFERENTIATION	54	0.661110665834733	1.84244497802715	0.000877219344874391	0.000877043288221468	0.0161638258352592
GO_NEGATIVE_REGULATION_OF_MUSCLE_CONTRACTION	21	0.773944061487816	1.86246568291415	0.00235966720978364	0.00235941979021959	0.0347927736416353
GO_NEGATIVE_REGULATION_OF_NEURON_APOPTOTIC_PROCESS	134	0.493005278748729	1.60931864135994	0.00351439613325866	0.00351267369062835	0.0463861106110655
GO_NEGATIVE_REGULATION_OF_NEURON_DEATH	170	0.453177458334096	1.55511237334261	0.00296703126108089	0.0029663029978666	0.0415844752023194
GO_NEGATIVE_REGULATION_OF_NITROGEN_COMPOUND_METABOLIC_PROCESS	1516	0.327551923952502	1.2964842463989	0.000988256150104783	0.000991682216643586	0.0177244471107657
GO_NEGATIVE_REGULATION_OF_OSSIFICATION	68	0.578917970095535	1.7006632888875	0.00313172270190132	0.0031309552576464	0.0429131944583851
GO_NEGATIVE_REGULATION_OF_PHOSPHORUS_METABOLIC_PROCESS	540	0.406893534883687	1.53893907640412	0.000887812801950272	0.000888237467855602	0.0162999894525797
GO_NEGATIVE_REGULATION_OF_PHOSPHORYLATION	421	0.43073489076955	1.62066127374747	9.90241222353916e-11	9.80264758254634e-11	5.79924630983442e-09
GO_NEGATIVE_REGULATION_OF_PROTEIN_METABOLIC_PROCESS	1086	0.362142863543254	1.42416353128169	4.30255728783857e-05	4.29626038594977e-05	0.00121610892073104
GO_NEGATIVE_REGULATION_OF_PROTEIN_MODIFICATION_PROCESS	615	0.376197373238323	1.44617822414306	0.000273796723326725	0.000273637368250701	0.00606306618191441
GO_NEGATIVE_REGULATION_OF_PROTEIN_SERINE_THREONINE_KINASE_ACTIVITY	125	0.585364117166901	1.96306398772911	1.67812430618142e-11	1.66687774694196e-11	1.0718748642292e-09
GO_NEGATIVE_REGULATION_OF_RESPONSE_TO_STIMULUS	1359	0.374570063413872	1.47546478305283	2.22044604925031e-16	0	0
GO_NEGATIVE_REGULATION_OF_SECRETION	199	0.460830719012596	1.5694155027137	0.00315401198750276	0.00315444646134733	0.0429131944583851
GO_NEGATIVE_REGULATION_OF_SMOOTH_MUSCLE_CELL_MIGRATION	15	0.805770127264214	1.86825178039276	0.000226862089245827	0.000226718735404807	0.00513895800250896
GO_NEGATIVE_REGULATION_OF_SMOOTH_MUSCLE_CONTRACTION	14	0.820154196887136	1.85360374300902	0.00211827624639316	0.00211824311551168	0.0318392521625598
GO_NEGATIVE_REGULATION_OF_TRANSCRIPTION_FROM_RNA_POLYMERASE_II_PROMOTER	739	0.411687693844934	1.58020868874235	2.93426316577694e-09	2.90507995437395e-09	1.53450473304252e-07
GO_NEGATIVE_REGULATION_OF_TRANSFERASE_ACTIVITY	350	0.43243691097113	1.59753569340551	4.15019551880391e-06	4.13766740103849e-06	0.00013908204741218
GO_NEGATIVE_REGULATION_OF_TRANSPORT	457	0.399162547514826	1.49767230316868	0.0002179887685132	0.000217853080281105	0.00499542179435278
GO_NEUROGENESIS	1401	0.359556868391897	1.41937385868451	1.21859532020707e-07	1.20825506155775e-07	5.06952974764231e-06
GO_NEUROLOGICAL_SYSTEM_PROCESS	1241	0.379325198617711	1.47729190330543	1.07100306401264e-08	1.06074992123339e-08	4.98473184877094e-07
GO_NEURON_DEVELOPMENT	686	0.383946018086799	1.47784007714751	0.000701962355802443	0.000700978595443269	0.0137724578741544
GO_NEURON_DIFFERENTIATION	873	0.384114822099215	1.49393636117096	1.40664285214198e-05	1.40325673598785e-05	0.00042792097165485
GO_NEURON_PROJECTION_DEVELOPMENT	544	0.3772074685612	1.43284762272596	0.000985224181905719	0.000987880549310649	0.01771000402946
GO_NON_RECOMBINATIONAL_REPAIR	69	-0.512465850765152	-1.76454527371364	7.07517225685406e-05	7.06830750824006e-05	0.00191817005590588
GO_NUCLEAR_CHROMOSOME_TELOMERIC_REGION	131	-0.430299465116372	-1.69469087553771	7.14573105620175e-06	7.1930552171251e-06	0.000232346743825324
GO_NUCLEAR_NUCLEOSOME	40	-0.629906986689106	-1.93852649844415	1.06575163139055e-08	1.06165688462667e-08	4.98473184877094e-07
GO_NUCLEIC_ACID_BINDING_TRANSCRIPTION_FACTOR_ACTIVITY	1198	0.331222346591806	1.30741765615605	0.00131360212831588	0.00131363723230649	0.0215874385175699
GO_OLIGOSACCHARIDE_CATABOLIC_PROCESS	11	0.8571888871593	1.83978546634737	0.000822857451884151	0.000822556673298114	0.0153026581107913
GO_ORGAN_MORPHOGENESIS	840	0.409373214041499	1.59635642314092	1.99840144432528e-15	1.77635683940025e-15	1.59226167604422e-13
GO_ORGAN_REGENERATION	82	0.622145496792302	1.91688231112435	3.51923303942847e-07	3.50986745001336e-07	1.3310497329666e-05
GO_OSSIFICATION	250	0.448096290635044	1.58895451087934	0.000374252821070287	0.000374184032092884	0.00807909756883759
GO_PARASYMPATHETIC_NERVOUS_SYSTEM_DEVELOPMENT	16	0.849373192547118	1.81159144669073	0.00106183323559428	0.00106154206021092	0.0185460543765419
GO_PERIPHERAL_NERVOUS_SYSTEM_DEVELOPMENT	68	0.592857309451247	1.75302077021543	0.00206796712094415	0.00206835758568058	0.0314301581252818
GO_PLACENTA_BLOOD_VESSEL_DEVELOPMENT	27	0.764023872515704	1.92156097986172	9.20094025050888e-05	9.19380526029911e-05	0.00241630485555787
GO_PLACENTA_DEVELOPMENT	137	0.562717550784052	1.86830041944392	7.71127784963133e-05	7.70405004513197e-05	0.00207168909395458
GO_POSITIVE_REGULATION_OF_APOPTOTIC_SIGNALING_PATHWAY	170	0.450900166311482	1.56647532277962	0.00146862964500138	0.00146909270392759	0.0236886941089518
GO_POSITIVE_REGULATION_OF_ASTROCYTE_DIFFERENTIATION	11	0.902484436291027	1.94762937327442	9.46310370220083e-05	9.4574798535807e-05	0.00246477756888914
GO_POSITIVE_REGULATION_OF_B_CELL_PROLIFERATION	36	0.706071481337112	1.86075653850778	0.000625753730592371	0.000625475161018629	0.0124589597730175
GO_POSITIVE_REGULATION_OF_BIOSYNTHETIC_PROCESS	1804	0.36666556598419	1.45899013156837	0	2.22044604925031e-16	2.11873529473627e-14
GO_POSITIVE_REGULATION_OF_CATALYTIC_ACTIVITY	1517	0.335642418301619	1.32697712420361	0.000165407714044719	0.000165252512502212	0.00399455772199219
GO_POSITIVE_REGULATION_OF_CELL_ACTIVATION	310	0.468601439665976	1.69029634826135	1.13550298049825e-05	1.13366595640985e-05	0.000352987778848455
GO_POSITIVE_REGULATION_OF_CELL_COMMUNICATION	1531	0.387295397147628	1.52889684591164	0	0	0
GO_POSITIVE_REGULATION_OF_CELL_CYCLE	331	0.429059564328996	1.57516156834468	0.000471665855088732	0.000471584101362943	0.00982356177346187
GO_POSITIVE_REGULATION_OF_CELL_DEATH	604	0.433588384428391	1.65397920308947	2.22044604925031e-16	0	0
GO_POSITIVE_REGULATION_OF_CELL_DEVELOPMENT	471	0.392063698729984	1.47664031741224	0.00079329334053857	0.000793035342136483	0.0149413919875141
GO_POSITIVE_REGULATION_OF_CELL_DIFFERENTIATION	822	0.415763238410541	1.61120577039529	2.22044604925031e-16	0	0
GO_POSITIVE_REGULATION_OF_CELL_PROLIFERATION	813	0.441461140319281	1.69743978586673	2.22044604925031e-16	0	0
GO_POSITIVE_REGULATION_OF_CHEMOTAXIS	119	0.533807210522791	1.70860189337155	0.00158057057334837	0.00158035338369589	0.0252004598866439
GO_POSITIVE_REGULATION_OF_CYTOKINE_PRODUCTION	369	0.394754362136037	1.46016279792408	0.0026216223309049	0.0026219025418921	0.0380175868574354
GO_POSITIVE_REGULATION_OF_DEFENSE_RESPONSE	363	0.424593049517418	1.57086385998714	2.74104801567532e-06	2.73371058290284e-06	9.45767942014806e-05
GO_POSITIVE_REGULATION_OF_DEVELOPMENTAL_PROCESS	1141	0.401961252913503	1.56904333135042	2.22044604925031e-16	0	0
GO_POSITIVE_REGULATION_OF_ERK1_AND_ERK2_CASCADE	171	0.546585515379587	1.83100375217393	1.12937680318836e-08	1.12553915077029e-08	5.24306268972997e-07
GO_POSITIVE_REGULATION_OF_GENE_EXPRESSION	1732	0.352990137417248	1.4041247116964	6.66133814775094e-15	6.21724893790088e-15	5.25446353094594e-13
GO_POSITIVE_REGULATION_OF_GLIAL_CELL_DIFFERENTIATION	31	0.706516211613334	1.78297104822035	0.00156884386459266	0.00156840420853077	0.0250937721682617
GO_POSITIVE_REGULATION_OF_HEMOPOIESIS	162	0.535835219369544	1.79580908069611	3.00394470120757e-06	2.81099443411037e-06	9.66851341406799e-05
GO_POSITIVE_REGULATION_OF_HUMORAL_IMMUNE_RESPONSE	15	0.899402752090064	1.83110498015691	0.00267573226794537	0.00267515593570122	0.0384131614456515
GO_POSITIVE_REGULATION_OF_IMMUNE_SYSTEM_PROCESS	866	0.440038212040248	1.72273802012203	0	0	0
GO_POSITIVE_REGULATION_OF_INFLAMMATORY_RESPONSE	112	0.644063979949929	2.02938229707277	7.7715611723761e-15	7.54951656745106e-15	6.29055493141415e-13
GO_POSITIVE_REGULATION_OF_INTRACELLULAR_SIGNAL_TRANSDUCTION	875	0.443775537457	1.73536788895902	0	2.22044604925031e-16	2.11873529473627e-14
GO_POSITIVE_REGULATION_OF_ION_TRANSPORT	235	0.444570141747487	1.56041702591325	0.00288162640068346	0.00288104879033824	0.0407758005828732
GO_POSITIVE_REGULATION_OF_KINASE_ACTIVITY	481	0.403551239274188	1.52521951734021	0.000126855177401519	0.000127229984481003	0.0032029471837856
GO_POSITIVE_REGULATION_OF_LEUKOCYTE_APOPTOTIC_PROCESS	27	0.799457527406617	1.98984129120875	3.98551636537903e-06	3.9808362271021e-06	0.000135348431721471
GO_POSITIVE_REGULATION_OF_LEUKOCYTE_CHEMOTAXIS	80	0.572166396528835	1.73958037325035	0.00266459082054782	0.00266557212058871	0.0383686731518317
GO_POSITIVE_REGULATION_OF_LEUKOCYTE_DIFFERENTIATION	130	0.552813178413097	1.81444311408797	3.89850633911726e-05	3.89369452650223e-05	0.00110745657782631
GO_POSITIVE_REGULATION_OF_LEUKOCYTE_MIGRATION	108	0.579328510779331	1.81473518244299	2.0998226697988e-05	2.0973963407056e-05	0.000620409837580718
GO_POSITIVE_REGULATION_OF_LOCOMOTION	419	0.413537680305184	1.52384674242543	0.00112030560628085	0.00112011415706847	0.0193195199802248
GO_POSITIVE_REGULATION_OF_MAPK_CASCADE	469	0.448425342932534	1.68674181476617	1.14797060746241e-13	1.12576614696991e-13	8.43042091832149e-12
GO_POSITIVE_REGULATION_OF_MITOTIC_CELL_CYCLE	122	0.497875039672404	1.66184096520948	0.000998267118500151	0.000998032734366494	0.0177528813355899
GO_POSITIVE_REGULATION_OF_MOLECULAR_FUNCTION	1790	0.338497903375084	1.34011388287156	1.1261381958505e-05	1.12202491606705e-05	0.000351211608648291
GO_POSITIVE_REGULATION_OF_MULTICELLULAR_ORGANISMAL_PROCESS	1394	0.388362386694273	1.53967822712003	2.22044604925031e-16	0	0
GO_POSITIVE_REGULATION_OF_MYELOID_CELL_DIFFERENTIATION	80	0.654102674459719	2.01092944091429	1.62291767802358e-08	1.61697479850176e-08	7.47345539682531e-07
GO_POSITIVE_REGULATION_OF_MYELOID_LEUKOCYTE_DIFFERENTIATION	49	0.714545039559042	2.00737349227806	0.00016054927125364	0.000160445009106946	0.00391793999904492
GO_POSITIVE_REGULATION_OF_NERVOUS_SYSTEM_DEVELOPMENT	436	0.3835684457992	1.4230237777572	0.00361880484232735	0.00362028104310808	0.0477006295123104
GO_POSITIVE_REGULATION_OF_NEURON_APOPTOTIC_PROCESS	46	0.704524904742535	2.02362202943051	1.00760887300488e-07	1.00481387765861e-07	4.30759340596254e-06
GO_POSITIVE_REGULATION_OF_NEURON_DEATH	66	0.584903962560747	1.79854180650005	0.000999529570942959	0.000999274760776103	0.0177528813355899
GO_POSITIVE_REGULATION_OF_NEURON_DIFFERENTIATION	305	0.408844089188922	1.47495027419999	0.00334736543130976	0.00334821559084475	0.0444126534426851
GO_POSITIVE_REGULATION_OF_NEURON_PROJECTION_DEVELOPMENT	231	0.422408586863321	1.50732124761847	0.0023949140917483	0.00239418181174977	0.0351463513605748
GO_POSITIVE_REGULATION_OF_NEUTROPHIL_MIGRATION	26	0.739648670858674	1.86943562717126	0.00201286440571491	0.00201340261168592	0.0307785267460825
GO_POSITIVE_REGULATION_OF_OSTEOCLAST_DIFFERENTIATION	23	0.767380771886043	1.85766613760078	0.00169015292533148	0.00168985731841309	0.0266591890552849
GO_POSITIVE_REGULATION_OF_PEPTIDYL_TYROSINE_PHOSPHORYLATION	161	0.497244163045967	1.66912074832438	0.000206547053798523	0.000206376197248725	0.00476922493329477
GO_POSITIVE_REGULATION_OF_PHOSPHORUS_METABOLIC_PROCESS	1035	0.4173247952511	1.63575652727917	0	0	0
GO_POSITIVE_REGULATION_OF_PROTEIN_KINASE_B_SIGNALING	80	0.659912462446472	2.05692210869938	4.21781498616269e-10	4.19717482991189e-10	2.38754675901526e-08
GO_POSITIVE_REGULATION_OF_PROTEIN_METABOLIC_PROCESS	1491	0.367006490694411	1.45699292847149	6.43929354282591e-15	6.21724893790088e-15	5.25446353094594e-13
GO_POSITIVE_REGULATION_OF_PROTEIN_MODIFICATION_PROCESS	1134	0.392716941025471	1.53912013923103	2.22044604925031e-15	1.99840144432528e-15	1.764558648452e-13
GO_POSITIVE_REGULATION_OF_PROTEIN_SERINE_THREONINE_KINASE_ACTIVITY	288	0.442278865967548	1.60593430063187	0.000357013836246756	0.000356937245933442	0.00779203227653964
GO_POSITIVE_REGULATION_OF_RECEPTOR_ACTIVITY	44	0.677834168766541	1.94054419719133	0.000761312650346957	0.000761302355553717	0.0144885074832195
GO_POSITIVE_REGULATION_OF_RESPONSE_TO_EXTERNAL_STIMULUS	295	0.506848365554677	1.8197542291557	0	0	0
GO_POSITIVE_REGULATION_OF_RESPONSE_TO_STIMULUS	1928	0.363048165378633	1.44581300684747	0	2.22044604925031e-16	2.11873529473627e-14
GO_POSITIVE_REGULATION_OF_RESPONSE_TO_WOUNDING	161	0.620313962815739	2.08786926726827	0	0	0
GO_POSITIVE_REGULATION_OF_SMOOTH_MUSCLE_CELL_PROLIFERATION	59	0.66398812588787	1.9524957648817	2.7096739796395e-07	2.70175895211722e-07	1.05851695104142e-05
GO_POSITIVE_REGULATION_OF_STAT_CASCADE	72	0.627089003966785	1.83821475299444	0.00079795356129575	0.000797896353411987	0.0149852534183661
GO_POSITIVE_REGULATION_OF_SYNAPTIC_TRANSMISSION	109	0.525654610083409	1.68541096144128	0.00104253763868078	0.0010422092034077	0.0183503263314284
GO_POSITIVE_REGULATION_OF_THYMOCYTE_AGGREGATION	11	0.817763865175494	1.72791627659643	0.00323237477816629	0.0032319051403682	0.0433558975292931
GO_POSITIVE_REGULATION_OF_TRANSCRIPTION_FROM_RNA_POLYMERASE_II_PROMOTER	1003	0.414179656139838	1.62744048954941	0	0	0
GO_POSITIVE_REGULATION_OF_TRANSFERASE_ACTIVITY	615	0.358630934039986	1.38552086164796	0.00327550472700855	0.0032748637597475	0.0438327918612358
GO_POSITIVE_REGULATION_OF_TRANSPORT	935	0.356948451758168	1.39452261725543	5.0656642657243e-06	5.04904593801037e-06	0.000165945309829274
GO_POSITIVE_REGULATION_OF_TYROSINE_PHOSPHORYLATION_OF_STAT1_PROTEIN	10	0.914713549044993	1.71229168395328	0.00312259665711134	0.00312194858654713	0.0429131944583851
GO_POSITIVE_REGULATION_OF_TYROSINE_PHOSPHORYLATION_OF_STAT3_PROTEIN	36	0.696823207009186	1.79402984767153	0.00165729115785596	0.00165708120246211	0.026212011748037
GO_POSITIVE_REGULATION_OF_VASCULAR_ENDOTHELIAL_GROWTH_FACTOR_PRODUCTION	25	0.745346626407376	1.85491381619594	0.000503504612850092	0.00050331376113133	0.0103389035099061
GO_POSITIVE_REGULATION_OF_VASCULATURE_DEVELOPMENT	132	0.562613333486929	1.8707705791591	3.87459582196215e-08	3.85998453200642e-08	1.73417219695438e-06
GO_POSITIVE_REGULATION_OF_WOUND_HEALING	47	0.656638017486676	1.82818267805196	0.00129374941318838	0.00129363311980346	0.0215020927467492
GO_PROTEIN_HETEROTETRAMERIZATION	37	-0.587363165303776	-1.82363083805365	0.000708916910377333	0.000708827543096646	0.0138396823265999
GO_PROTEIN_KINASE_B_SIGNALING	33	0.733452320755138	1.93684509162828	0.00130995605991513	0.00131016810504669	0.0215874385175699
GO_PROTEIN_PHOSPHORYLATION	943	0.337024629004526	1.31625456810334	0.00282780392137327	0.00282831431696207	0.0402218930267971
GO_RECEPTOR_BINDING	1475	0.3588519677891	1.41519114508351	4.10248436333305e-08	4.07198890162164e-08	1.79775271208907e-06
GO_REGENERATION	160	0.52315211904668	1.74887358279911	3.52082557742994e-05	3.51724173397461e-05	0.00101009718923271
GO_REGIONALIZATION	310	0.440497511620779	1.58883215465326	0.000948035109230139	0.000948435523332347	0.0171588518533155
GO_REGULATION_OF_ANATOMICAL_STRUCTURE_MORPHOGENESIS	1020	0.369872302644501	1.44905548055583	1.18199894316717e-11	1.16200382649367e-11	7.55430179949074e-10
GO_REGULATION_OF_APOPTOTIC_SIGNALING_PATHWAY	362	0.448464177655156	1.65753602167015	2.97539770599542e-14	2.90878432451791e-14	2.26425895576947e-12
GO_REGULATION_OF_ASTROCYTE_DIFFERENTIATION	26	0.82756372313655	2.02462579048928	2.32391030197121e-05	2.32221607447958e-05	0.000683494044608019
GO_REGULATION_OF_B_CELL_ACTIVATION	120	0.570765545325106	1.81619484794633	0.000599621913760617	0.000599484763985858	0.0120222097075944
GO_REGULATION_OF_B_CELL_MEDIATED_IMMUNITY	40	0.729038778075466	1.95584450079169	9.0124077267828e-05	9.00493520411549e-05	0.00237826770837265
GO_REGULATION_OF_B_CELL_PROLIFERATION	54	0.622982355875517	1.80717702062787	0.00236569759502714	0.0023642148417744	0.0347927736416353
GO_REGULATION_OF_BLOOD_CIRCULATION	294	0.485930690981229	1.72916341713211	1.34101780342455e-05	1.33883972137649e-05	0.000410392528065458
GO_REGULATION_OF_CELL_ACTIVATION	483	0.444790607215152	1.66915270168055	6.69222566251904e-10	6.63306187753676e-10	3.70199944033089e-08
GO_REGULATION_OF_CELL_ADHESION	628	0.363701962324652	1.3965534450341	0.00315447052531892	0.00315538194546949	0.0429131944583851
GO_REGULATION_OF_CELL_CELL_ADHESION	379	0.393438488444019	1.45316721646498	0.0032042990067549	0.00320294784154163	0.0430650896149097
GO_REGULATION_OF_CELL_CYCLE	948	0.367375988978514	1.43664226235175	2.55806487103882e-12	2.50943710256024e-12	1.68702612485754e-10
GO_REGULATION_OF_CELL_DEATH	1471	0.397744169781327	1.57043322094611	0	0	0
GO_REGULATION_OF_CELL_DIFFERENTIATION	1491	0.362169555970261	1.43091394561855	8.65973959207622e-15	7.99360577730113e-15	6.56807941368243e-13
GO_REGULATION_OF_CELL_GROWTH	390	0.408309629434596	1.5128628947004	0.000178286070135703	0.000178039592912071	0.00421312892667126
GO_REGULATION_OF_CELL_PROLIFERATION	1495	0.429329303914293	1.70024872717415	0	0	0
GO_REGULATION_OF_CELLULAR_COMPONENT_MOVEMENT	770	0.4014822691551	1.53492581506591	8.52802473083614e-09	8.44759240337112e-09	4.2352505642664e-07
GO_REGULATION_OF_CELLULAR_RESPONSE_TO_STRESS	690	0.346008143463927	1.33384809750335	0.00369098811438517	0.0036902225178137	0.0483199582943102
GO_REGULATION_OF_CHEMOKINE_BIOSYNTHETIC_PROCESS	11	0.903528420764993	1.77908931749087	0.00241021658415763	0.00240949331523654	0.0352835704280678
GO_REGULATION_OF_CHEMOTAXIS	179	0.474620882531732	1.61895671730646	0.000606161082373546	0.000606073895971448	0.0121132877316456
GO_REGULATION_OF_CYTOKINE_BIOSYNTHETIC_PROCESS	93	0.531209377065149	1.67808231565288	0.00313458016615342	0.00313386216418055	0.0429131944583851
GO_REGULATION_OF_CYTOKINE_PRODUCTION	562	0.384336874869832	1.46793602765042	2.38618420124181e-05	2.38115383109916e-05	0.000697371587365476
GO_REGULATION_OF_CYTOSOLIC_CALCIUM_ION_CONCENTRATION	202	0.491568425114147	1.68243353681658	0.000366634815302969	0.00036644693950838	0.00794102598582995
GO_REGULATION_OF_DNA_TEMPLATED_TRANSCRIPTION_IN_RESPONSE_TO_STRESS	66	0.580722694589339	1.75281198638144	0.000363814097998794	0.000363628693956453	0.00790892409355284
GO_REGULATION_OF_ENDOCRINE_PROCESS	47	0.680177131278342	1.8907052539657	0.00114223137312941	0.00114199585324759	0.0196254407605881
GO_REGULATION_OF_ENDOTHELIAL_CELL_DEVELOPMENT	11	0.880862704927022	1.89462178972337	0.000257545646097479	0.000257370812198232	0.00576744592789675
GO_REGULATION_OF_EPIDERMIS_DEVELOPMENT	62	0.612961865769309	1.77654770627484	0.00111784629176703	0.00111927624449037	0.0193195199802248
GO_REGULATION_OF_EPITHELIAL_CELL_DIFFERENTIATION	121	0.530202759698802	1.72465185891347	0.00319964516416515	0.00319912961166513	0.0430650896149097
GO_REGULATION_OF_EPITHELIAL_CELL_PROLIFERATION	284	0.446066577319362	1.60610900591402	8.48587078383645e-09	8.43587644183685e-09	4.2352505642664e-07
GO_REGULATION_OF_ERK1_AND_ERK2_CASCADE	237	0.500118070545908	1.75395082704485	2.49134341712143e-06	2.4872360329109e-06	8.65558139452993e-05
GO_REGULATION_OF_EXTRINSIC_APOPTOTIC_SIGNALING_PATHWAY	152	0.52036077382245	1.76832958361611	4.52596670141858e-08	4.51238197918258e-08	1.9774260584329e-06
GO_REGULATION_OF_FAT_CELL_DIFFERENTIATION	105	0.536056620376577	1.69612426702883	0.00250480540213371	0.00250403096219598	0.0364873083062843
GO_REGULATION_OF_GLIAL_CELL_DIFFERENTIATION	58	0.60108974193812	1.72885045287111	0.00334111512918644	0.00334103426993382	0.0444126534426851
GO_REGULATION_OF_GLOMERULUS_DEVELOPMENT	13	0.850968397587774	1.77466085748326	0.00318090544461769	0.00318022212512625	0.0430650896149097
GO_REGULATION_OF_GROWTH	632	0.382046968730947	1.46812424519292	0.00018398950690135	0.000183805921890157	0.00433225431833533
GO_REGULATION_OF_GTPASE_ACTIVITY	672	0.364682759979612	1.4003660930858	0.0011459976843482	0.00114448564273206	0.0196254407605881
GO_REGULATION_OF_HEART_CONTRACTION	220	0.49593783054784	1.735818262306	5.94261651056804e-05	5.93630350493868e-05	0.00165656469505742
GO_REGULATION_OF_HEMOPOIESIS	313	0.453943065952676	1.65665633067458	4.61230533654877e-07	4.59604064695363e-07	1.71007399165897e-05
GO_REGULATION_OF_HOMOTYPIC_CELL_CELL_ADHESION	306	0.407826779796456	1.48439995132822	0.002857264066355	0.00285618921467701	0.0405209002254896
GO_REGULATION_OF_HORMONE_LEVELS	477	0.453766357575204	1.69427602186566	2.40391040406962e-11	2.37562192140217e-11	1.51120207387261e-09
GO_REGULATION_OF_HORMONE_SECRETION	261	0.44096612185993	1.56977098900082	0.000402595825968355	0.000402415742700057	0.00847221186410512
GO_REGULATION_OF_HUMORAL_IMMUNE_RESPONSE	51	0.759694680108373	2.0308227277885	1.02937503188016e-07	1.02654935885127e-07	4.36911223522598e-06
GO_REGULATION_OF_HYDROLASE_ACTIVITY	1326	0.326232099148038	1.28429570474362	0.00308439239418012	0.00308094097752187	0.0425860907079893
GO_REGULATION_OF_IMMUNE_SYSTEM_PROCESS	1402	0.363763639237774	1.44952457371029	8.74627037461551e-11	8.58003668113838e-11	5.12722191975906e-09
GO_REGULATION_OF_INFLAMMATORY_RESPONSE	293	0.509078169402157	1.82395235203019	5.02313413086597e-10	4.98662333647815e-10	2.80960606272426e-08
GO_REGULATION_OF_INSULIN_RECEPTOR_SIGNALING_PATHWAY	42	0.682333615767696	1.90576128258641	5.21687411603189e-07	5.2035638276049e-07	1.91206730460314e-05
GO_REGULATION_OF_INTRACELLULAR_SIGNAL_TRANSDUCTION	1655	0.373785464500156	1.48264913575724	2.22044604925031e-16	0	0
GO_REGULATION_OF_KINASE_ACTIVITY	775	0.388391587072109	1.51588889609627	1.43041134492705e-12	1.40631950529269e-12	9.90450737298992e-11
GO_REGULATION_OF_LEUKOCYTE_DIFFERENTIATION	231	0.475771906955602	1.64592458787741	0.00114785516855398	0.00114911601412393	0.0196478911547895
GO_REGULATION_OF_LEUKOCYTE_MIGRATION	148	0.5616370550232	1.88065204513559	1.80018436712892e-07	1.79422776636073e-07	7.27030922314391e-06
GO_REGULATION_OF_LEUKOCYTE_PROLIFERATION	205	0.462851007705511	1.61506341207942	6.17712141813831e-05	6.17020867378359e-05	0.00171375373305651
GO_REGULATION_OF_LYMPHOCYTE_MEDIATED_IMMUNITY	113	0.501796530923014	1.61771991727465	0.00200935076140285	0.00200834014930384	0.0307785267460825
GO_REGULATION_OF_MAPK_CASCADE	659	0.440949552158705	1.6857330116539	1.04238839782056e-12	1.02706732008073e-12	7.32063887421399e-11
GO_REGULATION_OF_MAP_KINASE_ACTIVITY	318	0.451604302612861	1.65657260138308	0.000377066499701373	0.000376988924422172	0.00809513442084107
GO_REGULATION_OF_MULTICELLULAR_ORGANISMAL_DEVELOPMENT	1671	0.369107841613739	1.46721870045206	0	0	0
GO_REGULATION_OF_MYELOID_CELL_DIFFERENTIATION	182	0.461550432725788	1.59149211934044	0.000820760656881192	0.000820379401770266	0.0153026581107913
GO_REGULATION_OF_MYELOID_LEUKOCYTE_DIFFERENTIATION	107	0.564494163644244	1.79582110485099	0.000100381809652439	0.000100313281203968	0.0025802320504464
GO_REGULATION_OF_NEURON_APOPTOTIC_PROCESS	191	0.540361383602665	1.86867717390607	0	0	0
GO_REGULATION_OF_NEURON_DEATH	251	0.462950112486544	1.65151573168883	4.76025768358923e-07	4.74804991990041e-07	1.75559145788318e-05
GO_REGULATION_OF_NEUROTRANSMITTER_RECEPTOR_ACTIVITY	29	0.694450858053873	1.75102751243321	0.00249662356050562	0.00249596786695838	0.0364596195084587
GO_REGULATION_OF_NEUTROPHIL_MIGRATION	31	0.71595082788984	1.80294562666328	0.000550463641149634	0.000550178587829797	0.0111850739711377
GO_REGULATION_OF_OSSIFICATION	177	0.48593619299324	1.65340165225493	0.00294117505151936	0.0029373092801227	0.0413155562130849
GO_REGULATION_OF_PEPTIDYL_TYROSINE_PHOSPHORYLATION	212	0.454378723874661	1.57789550959445	0.00196093299504319	0.00196089044303083	0.0302099683879437
GO_REGULATION_OF_PHOSPHORUS_METABOLIC_PROCESS	1617	0.376221989396251	1.49655852002893	2.22044604925031e-16	0	0
GO_REGULATION_OF_PROTEIN_COMPLEX_ASSEMBLY	374	0.389385487027223	1.44111708315565	0.00127284196039257	0.00127214666064757	0.0212599424982797
GO_REGULATION_OF_PROTEIN_KINASE_B_SIGNALING	120	0.6055096116503	1.96485830075642	9.69579050380531e-09	9.65441604439121e-09	4.64353864379011e-07
GO_REGULATION_OF_PROTEIN_MODIFICATION_PROCESS	1709	0.367270628478842	1.45595625565259	2.22044604925031e-16	0	0
GO_REGULATION_OF_PROTEIN_SERINE_THREONINE_KINASE_ACTIVITY	469	0.448369682865488	1.68994579641331	2.40538008511315e-07	2.39233241550174e-07	9.49868360409953e-06
GO_REGULATION_OF_REACTIVE_OXYGEN_SPECIES_METABOLIC_PROCESS	151	0.496100396586943	1.68079070570929	0.000167976569257378	0.000170282959360391	0.00407851816832417
GO_REGULATION_OF_RECEPTOR_ACTIVITY	116	0.558281409678202	1.83492741962836	7.39099903834806e-07	7.37307728759795e-07	2.67601995297113e-05
GO_REGULATION_OF_RESPONSE_TO_EXTERNAL_STIMULUS	925	0.348989684741723	1.35931781684647	0.000377963765163081	0.000377663471966216	0.00809513442084107
GO_REGULATION_OF_RESPONSE_TO_STRESS	1467	0.344518978265237	1.3661804145066	2.45131572818025e-08	2.42423059404473e-08	1.10321139956682e-06
GO_REGULATION_OF_RESPONSE_TO_WOUNDING	412	0.488798793451538	1.81458605624786	0	0	0
GO_REGULATION_OF_SEQUENCE_SPECIFIC_DNA_BINDING_TRANSCRIPTION_FACTOR_ACTIVITY	364	0.412575100502511	1.52570343554308	0.000260639377486882	0.000260476484328032	0.00581501464635711
GO_REGULATION_OF_SEQUESTERING_OF_CALCIUM_ION	106	0.531398292718385	1.68922782380588	0.000198544923255328	0.000198387943899925	0.00462072077209431
GO_REGULATION_OF_SMOOTH_MUSCLE_CELL_MIGRATION	48	0.614901007422077	1.7881787349242	0.00130825269366508	0.00130792655349998	0.0215874385175699
GO_REGULATION_OF_SMOOTH_MUSCLE_CELL_PROLIFERATION	99	0.588931109899746	1.88434120969442	7.23297035354342e-06	7.22119097151808e-06	0.000232346743825324
GO_REGULATION_OF_SYSTEM_PROCESS	506	0.496907992085521	1.86667819077262	0	0	0
GO_REGULATION_OF_THYMOCYTE_AGGREGATION	25	0.763310602672579	1.89608159791364	0.000746761956788022	0.000746677153405484	0.0143529581599574
GO_REGULATION_OF_TRANSCRIPTION_FROM_RNA_POLYMERASE_II_PROMOTER	1783	0.362847714924313	1.44066667880118	0	0	0
GO_REGULATION_OF_TRANSFERASE_ACTIVITY	945	0.350521443248649	1.37768028229067	0.000166309421497313	0.000166102298784665	0.00399455772199219
GO_REGULATION_OF_TRANSPORT	1803	0.329142684071743	1.3062869648022	0.000862767464340219	0.000864403165898753	0.0160307496221223
GO_REGULATION_OF_TYROSINE_PHOSPHORYLATION_OF_STAT3_PROTEIN	43	0.673778120270157	1.85057513651875	0.00165254877611465	0.00165203003166747	0.0262021706899324
GO_REGULATION_OF_TYROSINE_PHOSPHORYLATION_OF_STAT_PROTEIN	67	0.634670016100945	1.86751938794067	0.000136942203456281	0.000136859059337024	0.00343075506371965
GO_REGULATION_OF_VASCULATURE_DEVELOPMENT	232	0.552357642718707	1.97560263229799	0	0	0
GO_REGULATION_OF_WOUND_HEALING	125	0.500977683970205	1.62678531613592	0.00195278195932624	0.00195139968382196	0.0301422468132917
GO_REGULATORY_REGION_NUCLEIC_ACID_BINDING	817	0.367043622424054	1.43406060873389	1.5237399920931e-05	1.519933564742e-05	0.00046112445994942
GO_REPRODUCTION	1296	0.351942757515595	1.37982690730994	4.504265315175e-06	4.4880977581041e-06	0.000150008962355615
GO_REPRODUCTIVE_SYSTEM_DEVELOPMENT	407	0.449753506454398	1.66718784715779	8.4671492039945e-11	8.38071834152743e-11	5.05921731719145e-09
GO_RESPIRATORY_SYSTEM_DEVELOPMENT	196	0.478217180111469	1.66186065446431	0.000235445597311701	0.000235303500954687	0.00531318897575544
GO_RESPONSE_TO_ABIOTIC_STIMULUS	1023	0.418671259710836	1.64461519113945	0	0	0
GO_RESPONSE_TO_ALCOHOL	361	0.478775149738935	1.75565929887932	3.34554606240545e-12	3.30013794069828e-12	2.19366472552483e-10
GO_RESPONSE_TO_ALKALOID	136	0.503548485710156	1.65848228717225	0.000560538949784695	0.000560276920185787	0.0113513639034901
GO_RESPONSE_TO_ARSENIC_CONTAINING_SUBSTANCE	28	0.701059822366601	1.81627445918161	0.00314203717381889	0.00314237754276259	0.0429131944583851
GO_RESPONSE_TO_ATP	29	0.712692067949449	1.83831052300895	0.000890275991481504	0.000889941952870732	0.0162999894525797
GO_RESPONSE_TO_BACTERIUM	527	0.426615068035953	1.59845640948439	8.90660489361039e-07	8.87432934582044e-07	3.20125197621181e-05
GO_RESPONSE_TO_BIOTIC_STIMULUS	885	0.348436681781655	1.35595733238676	0.00129186210046894	0.00129390551349606	0.0215020927467492
GO_RESPONSE_TO_CAMP	103	0.496916519199876	1.5931222341813	0.00288960491974277	0.00288939657949605	0.0407963488408082
GO_RESPONSE_TO_COLD	42	0.662126451652154	1.80956104713009	0.000768015117092569	0.000767834340032025	0.0145593203706072
GO_RESPONSE_TO_CORTICOSTEROID	175	0.621374090969957	2.1293478129901	0	0	0
GO_RESPONSE_TO_CORTICOSTERONE	25	0.843121684671192	2.06871225519387	3.42742409688013e-05	3.42374901122211e-05	0.000988043860994634
GO_RESPONSE_TO_CYTOKINE	713	0.400873863697472	1.5431169162688	9.82331438414974e-09	9.76048064593726e-09	4.65669383075523e-07
GO_RESPONSE_TO_DRUG	430	0.415486759191536	1.55228731041689	0.0012713535022868	0.00126948118982639	0.0212599424982797
GO_RESPONSE_TO_ENDOGENOUS_STIMULUS	1449	0.408957144836318	1.62013994836707	0	0	0
GO_RESPONSE_TO_ESTRADIOL	145	0.512397826731186	1.70445887909232	0.000305388638019211	0.000306473935210549	0.00676529776382691
GO_RESPONSE_TO_ESTROGEN	217	0.474212058170766	1.64930355124773	0.000333347912793713	0.000333245815112182	0.00732893026841513
GO_RESPONSE_TO_EXTERNAL_STIMULUS	1820	0.393085474939519	1.56050368482463	0	0	0
GO_RESPONSE_TO_EXTRACELLULAR_STIMULUS	440	0.48871201497192	1.82457977431015	0	0	0
GO_RESPONSE_TO_HEAT	88	0.571177601812102	1.76602031999529	0.000200993095718416	0.000200830432071308	0.00465926602405435
GO_RESPONSE_TO_HORMONE	892	0.449089735804332	1.74873990472181	2.22044604925031e-16	0	0
GO_RESPONSE_TO_HYDROGEN_PEROXIDE	108	0.613249498773627	2.01952487430771	2.22044604925031e-16	0	0
GO_RESPONSE_TO_IMMOBILIZATION_STRESS	21	0.788554784444739	1.84376208036495	0.00186521356727087	0.00186496866900665	0.0290346174890614
GO_RESPONSE_TO_INORGANIC_SUBSTANCE	478	0.427999751747525	1.60664265457704	1.00654440338133e-09	9.98873095348074e-10	5.47160484451778e-08
GO_RESPONSE_TO_INSULIN	204	0.457953109406239	1.60499547499747	0.00171650593101713	0.00171699272946446	0.0269435782162116
GO_RESPONSE_TO_INTERLEUKIN_1	114	0.628242633527896	2.01865817113285	1.53210777398272e-14	1.48769885299771e-14	1.18935492085601e-12
GO_RESPONSE_TO_ISOQUINOLINE_ALKALOID	29	0.73633525895371	1.81900595544024	0.00318260294213102	0.00318255019565694	0.0430650896149097
GO_RESPONSE_TO_KETONE	181	0.564667098773275	1.9364807055497	1.88785209687126e-10	1.87178827992796e-10	1.08563720235821e-08
GO_RESPONSE_TO_LIGHT_STIMULUS	279	0.443598038460951	1.60663374160194	0.00076178065371435	0.000761650748357212	0.0144885074832195
GO_RESPONSE_TO_LIPID	887	0.443482822434217	1.73456589254391	0	0	0
GO_RESPONSE_TO_MINERALOCORTICOID	34	0.796672103494065	2.039880921959	4.27381941059402e-07	4.264784327912e-07	1.60703592891257e-05
GO_RESPONSE_TO_MOLECULE_OF_BACTERIAL_ORIGIN	320	0.46424196926488	1.6812349897643	4.54064041921498e-07	4.52645644966054e-07	1.69484280735391e-05
GO_RESPONSE_TO_NITROGEN_COMPOUND	858	0.437536654203115	1.69480128749623	0	0	0
GO_RESPONSE_TO_ORGANIC_CYCLIC_COMPOUND	916	0.470914780803408	1.82690881957833	2.22044604925031e-16	0	0
GO_RESPONSE_TO_ORGANOPHOSPHORUS	138	0.53076937120243	1.77415062332665	3.96634203259083e-09	3.94518917534725e-09	2.06546364259773e-07
GO_RESPONSE_TO_OSMOTIC_STRESS	62	0.625291289288999	1.80782970705659	0.00098595392645362	0.000984287314546806	0.0176992211333097
GO_RESPONSE_TO_OXIDATIVE_STRESS	351	0.46195510361476	1.70928264175556	3.60795948672887e-10	3.58095886276999e-10	2.0567915176842e-08
GO_RESPONSE_TO_OXYGEN_CONTAINING_COMPOUND	1380	0.420490977923906	1.66925901180679	0	0	0
GO_RESPONSE_TO_OXYGEN_LEVELS	310	0.49641237748151	1.80738422076817	9.72555369571637e-14	9.57012247226885e-14	7.25856981358237e-12
GO_RESPONSE_TO_PEPTIDE	403	0.474541927525393	1.76847633550156	2.22044604925031e-16	2.22044604925031e-16	2.11873529473627e-14
GO_RESPONSE_TO_PROGESTERONE	49	0.655493294237466	1.86636878259114	0.000380037152793222	0.000379896713170291	0.00810871855959049
GO_RESPONSE_TO_PURINE_CONTAINING_COMPOUND	157	0.524804722968178	1.78312955637476	0.00103453882819471	0.00103448702439113	0.0183234288511914
GO_RESPONSE_TO_RADIATION	412	0.42768686621689	1.58669049380164	0.000348779039210378	0.000348692759383651	0.00764024579449511
GO_RESPONSE_TO_REACTIVE_OXYGEN_SPECIES	190	0.547705328495865	1.91967727741775	2.22044604925031e-16	0	0
GO_RESPONSE_TO_STARVATION	153	0.568390563028673	1.92081538714816	3.2287061912939e-11	3.20110604690171e-11	2.01465355036921e-09
GO_RESPONSE_TO_STEROID_HORMONE	496	0.503143840598116	1.89653365367922	2.22044604925031e-16	0	0
GO_RESPONSE_TO_TEMPERATURE_STIMULUS	147	0.564826919682378	1.88192848701899	8.94839757847876e-14	8.83737527601625e-14	6.78985871856001e-12
GO_RESPONSE_TO_TOXIC_SUBSTANCE	240	0.42715469405401	1.50476388216405	0.000644563627178019	0.000644254553832768	0.0127471904363701
GO_RESPONSE_TO_TUMOR_NECROSIS_FACTOR	232	0.512177397124606	1.81902397266547	4.36020652777591e-05	4.35447731713667e-05	0.00122671846705622
GO_RESPONSE_TO_WOUNDING	562	0.384890553253957	1.45071889759441	0.000108822488147919	0.000108683760835504	0.00277143590130535
GO_RETINA_DEVELOPMENT_IN_CAMERA_TYPE_EYE	130	0.475111231353506	1.56999994446138	0.00308206457697202	0.00308032478235309	0.0425860907079893
GO_RHYTHMIC_PROCESS	297	0.453762518815907	1.64436904563544	9.2101982707149e-09	9.15401543455374e-09	4.4756326703157e-07
GO_RNA_POLYMERASE_II_CORE_PROMOTER_SEQUENCE_SPECIFIC_DNA_BINDING	52	0.58765212486143	1.74126717631777	0.00192716392525938	0.00192734070367162	0.029848553934349
GO_RNA_POLYMERASE_II_TRANSCRIPTION_FACTOR_ACTIVITY_SEQUENCE_SPECIFIC_DNA_BINDING	628	0.452095437372384	1.72916082170997	0	0	0
GO_RNA_POLYMERASE_II_TRANSCRIPTION_FACTOR_BINDING	103	0.514122891736511	1.67187490953567	0.00344719755412382	0.00344676456193538	0.0456175819874937
GO_SCHWANN_CELL_DIFFERENTIATION	30	0.676315375076494	1.74505268455172	0.00230866046257694	0.00230864696291855	0.0342304647434239
GO_SENSORY_ORGAN_DEVELOPMENT	492	0.398294460814241	1.49568871754661	7.15575389689249e-05	7.14712866534128e-05	0.00193070379836343
GO_SEQUENCE_SPECIFIC_DNA_BINDING	1036	0.339942345873531	1.33966970930466	0.000904199695438646	0.00090362970384561	0.0164996090368847
GO_SIDE_OF_MEMBRANE	427	0.397126823745016	1.46072873593023	0.00125339810911784	0.00125270329066995	0.0211388280620987
GO_SIGNAL_TRANSDUCTION_BY_PROTEIN_PHOSPHORYLATION	403	0.420578538212306	1.58349285315485	8.03758676888311e-05	8.03036669037027e-05	0.00214966739096066
GO_SIGNAL_TRANSDUCTION_IN_ABSENCE_OF_LIGAND	32	0.706719568061932	1.85272360209055	0.000246008006966503	0.000245857964270679	0.0055304019643549
GO_SINGLE_ORGANISM_BEHAVIOR	383	0.422829259236257	1.55458135299428	8.60383074119397e-06	8.58799475944583e-06	0.00027315363976818
GO_SKELETAL_MUSCLE_CELL_DIFFERENTIATION	52	0.667335651113875	1.8793778840274	0.000197545109915098	0.000197431366544598	0.00461661646038673
GO_SKELETAL_MUSCLE_ORGAN_DEVELOPMENT	136	0.542008394646611	1.79949051347692	4.69609484547995e-05	4.69130125427819e-05	0.00131534304361658
GO_SPONGIOTROPHOBLAST_LAYER_DEVELOPMENT	12	0.850271512828386	1.78702620835904	0.000703444480221638	0.000703056504055888	0.0137724578741544
GO_STAT_CASCADE	49	0.609031846348747	1.71557780760269	0.0030749744855455	0.00307472151147559	0.0425860907079893
GO_STEROID_BIOSYNTHETIC_PROCESS	113	0.560946401885051	1.82649059992039	5.36779638848905e-07	5.35481139540828e-07	1.95549779106391e-05
GO_STEROID_HORMONE_MEDIATED_SIGNALING_PATHWAY	124	0.496308389981899	1.61168488257459	0.0029429883189076	0.00294013677581284	0.0413155562130849
GO_STEROID_METABOLIC_PROCESS	236	0.468991566554721	1.64458748623751	0.000123113741751446	0.000122956508139094	0.00310859274423452
GO_STEROL_METABOLIC_PROCESS	122	0.489473559005513	1.61482674957688	0.00232171068276443	0.00232170810052046	0.0343380628066976
GO_SYSTEM_PROCESS	1784	0.392330274298432	1.55133196291282	0	0	0
GO_TAXIS	463	0.468971311774667	1.74121928340721	4.44089209850063e-16	4.44089209850063e-16	4.1702091515444e-14
GO_T_CELL_DIFFERENTIATION	122	0.481900305309512	1.58004269262744	0.00332428659110762	0.00332217100503385	0.0443468154840989
GO_TELOMERE_ORGANIZATION	103	-0.454182898504323	-1.67876234290629	0.00115679114533107	0.00115666208523568	0.0197199218912228
GO_TISSUE_DEVELOPMENT	1517	0.405607280470948	1.60660752491961	0	2.22044604925031e-16	2.11873529473627e-14
GO_TISSUE_MORPHOGENESIS	532	0.396430257923304	1.50888977107916	0.000220055823598631	0.000219842842600682	0.00502158400318777
GO_TRANSCRIPTIONAL_ACTIVATOR_ACTIVITY_RNA_POLYMERASE_II_CORE_PROMOTER_PROXIMAL_REGION_SEQUENCE_SPECIFIC_BINDING	225	0.488993116019082	1.73323456128362	5.01979472777858e-06	5.00971912154036e-06	0.000165572616329792
GO_TRANSCRIPTIONAL_ACTIVATOR_ACTIVITY_RNA_POLYMERASE_II_TRANSCRIPTION_REGULATORY_REGION_SEQUENCE_SPECIFIC_BINDING	314	0.477338473668194	1.7433118715914	6.66133814775094e-16	6.66133814775094e-16	6.15757445032727e-14
GO_TRANSCRIPTIONAL_REPRESSOR_ACTIVITY_RNA_POLYMERASE_II_CORE_PROMOTER_PROXIMAL_REGION_SEQUENCE_SPECIFIC_BINDING	104	0.573105589302363	1.87311014834196	1.12782394534605e-09	1.12193199175437e-09	6.08931161763195e-08
GO_TRANSCRIPTIONAL_REPRESSOR_ACTIVITY_RNA_POLYMERASE_II_TRANSCRIPTION_REGULATORY_REGION_SEQUENCE_SPECIFIC_BINDING	167	0.522613806249974	1.79529688889167	5.31919830404348e-09	5.29304022833799e-09	2.74680929744277e-07
GO_TRANSCRIPTION_COREPRESSOR_ACTIVITY	220	0.482088151662572	1.7022783802839	0.000140494702120075	0.000139844976934866	0.0034908138546273
GO_TRANSCRIPTION_FACTOR_ACTIVITY_PROTEIN_BINDING	587	0.384139878018237	1.46496264516356	6.8292251169666e-06	6.8089890801204e-06	0.000222552372364598
GO_TRANSCRIPTION_FACTOR_ACTIVITY_RNA_POLYMERASE_II_CORE_PROMOTER_PROXIMAL_REGION_SEQUENCE_SPECIFIC_BINDING	327	0.502326598065448	1.85733879017806	1.58739688060905e-12	1.56508139781408e-12	1.0892966528786e-10
GO_TRANSCRIPTION_FACTOR_BINDING	523	0.421200618723331	1.6157157423985	4.43817205209029e-11	4.38729053087172e-11	2.67579492583888e-09
GO_TRANSCRIPTION_FROM_RNA_POLYMERASE_II_PROMOTER	723	0.406576644536166	1.57378864819868	0	0	0
GO_TRANSMEMBRANE_RECEPTOR_PROTEIN_SERINE_THREONINE_KINASE_SIGNALING_PATHWAY	189	0.454485804682676	1.58319194639092	0.00315139394884401	0.00315237119633105	0.0429131944583851
GO_TUBE_DEVELOPMENT	551	0.411581546290283	1.56796521563369	0.000161045781068569	0.000160929584139269	0.00391793999904492
GO_VASCULATURE_DEVELOPMENT	468	0.47479395924975	1.79219872750187	0	0	0
